1748	608	5
-0.2618473768234253	0.40915894508361816	-1.3612197637557983	0.48361435532569885	0.5603237152099609	1.0	0	0.0	0	0.0	0	-0.786662757396698	-0.5432209372520447	-0.2933816611766815	-0.17903326451778412	-0.2540633976459503	0.9504729509353638	-0.5908543467521667	0.8002267479896545	0.1026075929403305
-0.6399999260902405	0.8005863428115845	-1.0720163583755493	0.50605708360672	0.6000909805297852	1.0	0	0.0	0	0.0	0	-0.786662757396698	-0.5432209372520447	-0.2933816611766815	-0.17903326451778412	-0.2540633976459503	0.9504729509353638	-0.5908543467521667	0.8002267479896545	0.1026075929403305
-0.2618473172187805	0.9329096078872681	-2.330988645553589	0.4438471794128418	0.5827664136886597	1.0	0	0.0	0	0.0	0	-0.786662757396698	-0.5432209372520447	-0.2933816611766815	-0.17903326451778412	-0.2540633976459503	0.9504729509353638	-0.5908543467521667	0.8002267479896545	0.1026075929403305
0.26184749603271484	0.40915894508361816	-1.3612197637557983	0.4525339901447296	0.5052511096000671	1.0	0	0.0	0	0.0	0	0.7866626977920532	-0.5432208776473999	-0.29338154196739197	-0.19083623588085175	-0.665882408618927	0.721236526966095	-0.5871484279632568	-0.5113821029663086	-0.6274911761283875
0.26184752583503723	0.9329096078872681	-2.330988645553589	0.41276681423187256	0.5276938080787659	1.0	0	0.0	0	0.0	0	0.7866626977920532	-0.5432208776473999	-0.29338154196739197	-0.19083623588085175	-0.665882408618927	0.721236526966095	-0.5871484279632568	-0.5113821029663086	-0.6274911761283875
0.64000004529953	0.8005863428115845	-1.0720163583755493	0.43009132146835327	0.46548396348953247	1.0	0	0.0	0	0.0	0	0.7866626977920532	-0.5432208776473999	-0.29338154196739197	-0.19083623588085175	-0.665882408618927	0.721236526966095	-0.5871484279632568	-0.5113821029663086	-0.6274911761283875
-0.26184746623039246	0.04790731146931648	0.9551923871040344	0.5386870503425598	0.5292434692382812	1.0	0	0.0	0	0.0	0	-0.7932283878326416	-0.5811380743980408	0.18184444308280945	-0.20118577778339386	0.5319817066192627	0.8225081562995911	-0.5747287273406982	0.6158522963523865	-0.5388997197151184
-0.26184752583503723	0.5400113463401794	2.5278570652008057	0.6082795262336731	0.4899686872959137	1.0	0	0.0	0	0.0	0	-0.7932283878326416	-0.5811380743980408	0.18184444308280945	-0.20118580758571625	0.5319817662239075	0.8225082755088806	-0.5747287273406982	0.6158522963523865	-0.5388996601104736
-0.64000004529953	0.5816222429275513	1.011288046836853	0.6121182441711426	0.5664514899253845	1.0	0	0.0	0	0.0	0	-0.7932283878326416	-0.5811380743980408	0.18184444308280945	-0.20118580758571625	0.5319817662239075	0.8225082159042358	-0.5747287273406982	0.6158522963523865	-0.5388997197151184
-0.26184746623039246	1.576628565788269	1.1158674955368042	0.7553874850273132	0.45938074588775635	1.0	0	0.0	0	0.0	0	-0.73028963804245	0.6355988383293152	0.25038209557533264	-0.01263871043920517	0.35388419032096863	-0.9352039098739624	-0.6830207705497742	-0.6861342191696167	-0.2504047751426697
-0.64000004529953	1.1594135761260986	1.0720163583755493	0.7181794047355652	0.5328119993209839	1.0	0	0.0	0	0.0	0	-0.73028963804245	0.6355988383293152	0.25038209557533264	-0.01263868622481823	0.35388419032096863	-0.9352037906646729	-0.6830207705497742	-0.6861342191696167	-0.25040483474731445
-0.26184752583503723	1.001302719116211	2.576340913772583	0.6789047122001648	0.46321946382522583	1.0	0	0.0	0	0.0	0	-0.73028963804245	0.6355988383293152	0.25038209557533264	-0.012638699263334274	0.35388416051864624	-0.9352038502693176	-0.6830207109451294	-0.6861342191696167	-0.2504047751426697
0.2618473768234253	0.04790731146931648	0.9551923871040344	0.5076066255569458	0.4741707444190979	1.0	0	0.0	0	0.0	0	0.7932284474372864	-0.5811379551887512	0.18184450268745422	-0.11491812020540237	0.15039657056331635	0.9819239974021912	-0.5979820489883423	-0.799787163734436	0.05251555144786835
0.6399999260902405	0.5816222429275513	1.011288046836853	0.5137097835540771	0.39207732677459717	1.0	0	0.0	0	0.0	0	0.7932284474372864	-0.5811379551887512	0.18184450268745422	-0.11491812020540237	0.15039657056331635	0.9819239974021912	-0.5979820489883423	-0.799787163734436	0.05251555144786835
0.2618473172187805	0.5400113463401794	2.5278570652008057	0.5771992206573486	0.4348960518836975	1.0	0	0.0	0	0.0	0	0.7932284474372864	-0.5811379551887512	0.18184450268745422	-0.11491812020540237	0.15039658546447754	0.9819239974021912	-0.5979820489883423	-0.799787163734436	0.05251556634902954
0.2618473768234253	1.576628565788269	1.1158674955368042	0.6794217228889465	0.32477378845214844	1.0	0	0.0	0	0.0	0	0.73028963804245	0.6355987787246704	0.25038212537765503	-0.6170312762260437	0.7710107564926147	-0.15752705931663513	-0.29317134618759155	-0.03945322707295418	0.9552456140518188
0.2618473172187805	1.001302719116211	2.576340913772583	0.6366029381752014	0.38826316595077515	1.0	0	0.0	0	0.0	0	0.73028963804245	0.6355987787246704	0.25038212537765503	-0.6170312762260437	0.7710107564926147	-0.15752705931663513	-0.29317134618759155	-0.03945322707295418	0.9552456140518188
0.6399999260902405	1.1594135761260986	1.0720163583755493	0.5973283052444458	0.3186706602573395	1.0	0	0.0	0	0.0	0	0.73028963804245	0.6355987787246704	0.25038212537765503	-0.6170312762260437	0.7710108160972595	-0.15752707421779633	-0.29317134618759155	-0.039453208446502686	0.9552455544471741
-0.6399999260902405	1.3783776760101318	-1.011288046836853	0.4678395092487335	0.08922379463911057	1.0	0	0.0	0	0.0	0	-0.9581630229949951	0.029918454587459564	-0.2846551239490509	0.24944984912872314	0.5749568939208984	-0.7792299389839172	0.1403510719537735	-0.8176364898681641	-0.5583655834197998
-0.2618473172187805	0.9329096078872681	-2.330988645553589	0.4352095127105713	0.16007135808467865	1.0	0	0.0	0	0.0	0	-0.9581630229949951	0.029918454587459564	-0.2846551239490509	0.24944984912872314	0.5749568939208984	-0.7792299389839172	0.1403510719537735	-0.8176364898681641	-0.5583655834197998
-0.6399999260902405	0.8005863428115845	-1.0720163583755493	0.41276681423187256	0.1203041821718216	1.0	0	0.0	0	0.0	0	-0.9581630229949951	0.029918454587459564	-0.2846551239490509	0.24944983422756195	0.5749568939208984	-0.7792298793792725	0.1403510719537735	-0.8176364302635193	-0.5583655834197998
0.64000004529953	1.3783776760101318	-1.011288046836853	0.5606372356414795	0.25365620851516724	1.0	0	0.0	0	0.0	0	0.965038001537323	-0.0766681656241417	-0.2506464719772339	0.22773388028144836	0.718681812286377	0.6569883823394775	0.12976495921611786	-0.6910994648933411	0.7110151648521423
0.26184752583503723	0.9329096078872681	-2.330988645553589	0.46628984808921814	0.21514400839805603	1.0	0	0.0	0	0.0	0	0.965038001537323	-0.0766681656241417	-0.2506464719772339	0.22773386538028717	0.718681812286377	0.6569883823394775	0.12976495921611786	-0.6910994648933411	0.7110151648521423
0.26184752583503723	1.5364885330200195	-2.5156123638153076	0.5213625431060791	0.1840636283159256	1.0	0	0.0	0	0.0	0	0.965038001537323	-0.0766681656241417	-0.2506464719772339	0.22773386538028717	0.718681812286377	0.6569883823394775	0.12976495921611786	-0.6910994648933411	0.7110151648521423
0.2618473768234253	0.04790731146931648	0.9551923871040344	0.5076066255569458	0.4741707444190979	1.0	0	0.0	0	0.0	0	0.8174431324005127	-0.5728539228439331	-0.06020932272076607	-0.15543147921562195	-0.32002294063568115	0.9345728754997253	-0.5546420216560364	-0.7546016573905945	-0.35064005851745605
0.64000004529953	0.8005863428115845	-1.0720163583755493	0.43009132146835327	0.46548396348953247	1.0	0	0.0	0	0.0	0	0.8174431324005127	-0.5728539228439331	-0.06020932272076607	-0.15543146431446075	-0.32002291083335876	0.9345728158950806	-0.5546420216560364	-0.7546017169952393	-0.35064005851745605
0.6399999260902405	0.5816222429275513	1.011288046836853	0.5137097835540771	0.39207732677459717	1.0	0	0.0	0	0.0	0	0.8174431324005127	-0.5728539228439331	-0.06020932272076607	-0.15543146431446075	-0.32002291083335876	0.9345728158950806	-0.5546420216560364	-0.7546017169952393	-0.35064005851745605
0.2618473172187805	0.5400113463401794	2.5278570652008057	0.5771992206573486	0.4348960518836975	1.0	0	0.0	0	0.0	0	0.9701426029205322	-0.025351926684379578	0.24120692908763885	-0.22167199850082397	0.3108583092689514	0.9242449998855591	-0.09841255843639374	-0.9501181840896606	0.2959570288658142
0.6399999260902405	1.1594135761260986	1.0720163583755493	0.5973283052444458	0.3186706602573395	1.0	0	0.0	0	0.0	0	0.9701426029205322	-0.025351926684379578	0.24120692908763885	-0.22167198359966278	0.3108583092689514	0.9242449402809143	-0.09841255843639374	-0.9501181244850159	0.2959570288658142
0.2618473172187805	1.001302719116211	2.576340913772583	0.6366029381752014	0.38826316595077515	1.0	0	0.0	0	0.0	0	0.9701426029205322	-0.025351926684379578	0.24120692908763885	-0.22167198359966278	0.3108583092689514	0.9242449402809143	-0.09841255843639374	-0.9501181244850159	0.2959570288658142
-0.26184746623039246	1.576628565788269	1.1158674955368042	0.7553874850273132	0.45938074588775635	1.0	0	0.0	0	0.0	0	0.0	0.9304110407829285	0.3665178120136261	-0.15544667840003967	0.3620625138282776	-0.9191012382507324	-0.9878442883491516	-0.05697397515177727	0.14462929964065552
0.2618473172187805	1.001302719116211	2.576340913772583	0.6366029381752014	0.38826316595077515	1.0	0	0.0	0	0.0	0	0.0	0.9304110407829285	0.3665178120136261	-0.15544667840003967	0.3620625138282776	-0.9191012382507324	-0.9878442883491516	-0.05697397515177727	0.14462929964065552
0.2618473768234253	1.576628565788269	1.1158674955368042	0.6794217228889465	0.32477378845214844	1.0	0	0.0	0	0.0	0	0.0	0.9304110407829285	0.3665178120136261	-0.15544667840003967	0.3620625138282776	-0.9191012382507324	-0.9878442883491516	-0.05697397515177727	0.14462929964065552
-0.64000004529953	1.1594135761260986	1.0720163583755493	0.7181794047355652	0.5328119993209839	1.0	0	0.0	0	0.0	0	-0.9701425433158875	-0.025351952761411667	0.24120685458183289	-0.19179987907409668	0.6889011263847351	-0.6990193128585815	-0.14844617247581482	-0.7244118452072144	-0.6731947660446167
-0.26184752583503723	0.5400113463401794	2.5278570652008057	0.6082795262336731	0.4899686872959137	1.0	0	0.0	0	0.0	0	-0.9701425433158875	-0.025351952761411667	0.24120685458183289	-0.19179987907409668	0.6889011263847351	-0.6990193128585815	-0.14844617247581482	-0.7244118452072144	-0.6731947660446167
-0.26184752583503723	1.001302719116211	2.576340913772583	0.6789047122001648	0.46321946382522583	1.0	0	0.0	0	0.0	0	-0.9701425433158875	-0.025351952761411667	0.24120685458183289	-0.19179987907409668	0.6889011263847351	-0.6990193128585815	-0.14844617247581482	-0.7244118452072144	-0.6731947660446167
-0.26184746623039246	0.04790731146931648	0.9551923871040344	0.5386870503425598	0.5292434692382812	1.0	0	0.0	0	0.0	0	-0.7519275546073914	-0.6513723134994507	-0.1015835627913475	-0.115440733730793	-0.021612001582980156	0.9930793046951294	-0.6490597128868103	0.758450448513031	-0.058944232761859894
-0.6399999260902405	0.8005863428115845	-1.0720163583755493	0.50605708360672	0.6000909805297852	1.0	0	0.0	0	0.0	0	-0.7519275546073914	-0.6513723134994507	-0.1015835627913475	-0.115440733730793	-0.021611999720335007	0.9930792450904846	-0.6490597724914551	0.7584505081176758	-0.05894424021244049
-0.2618473768234253	0.40915894508361816	-1.3612197637557983	0.48361435532569885	0.5603237152099609	1.0	0	0.0	0	0.0	0	-0.7519275546073914	-0.6513723134994507	-0.1015835627913475	-0.115440733730793	-0.021612005308270454	0.9930792450904846	-0.6490597724914551	0.7584505081176758	-0.058944232761859894
0.2618473768234253	0.04790731146931648	0.9551923871040344	0.5076066255569458	0.4741707444190979	1.0	0	0.0	0	0.0	0	0.0	-0.9880567193031311	-0.1540904939174652	-0.12507455050945282	-0.1528804749250412	0.980297863483429	-0.9921473264694214	0.01927279867231846	-0.12358074635267258
-0.2618473768234253	0.40915894508361816	-1.3612197637557983	0.48361435532569885	0.5603237152099609	1.0	0	0.0	0	0.0	0	0.0	-0.9880567193031311	-0.1540904939174652	-0.1250750720500946	-0.1528804749250412	0.980297863483429	-0.9921473264694214	0.019272878766059875	-0.12358126789331436
0.26184749603271484	0.40915894508361816	-1.3612197637557983	0.4525339901447296	0.5052511096000671	1.0	0	0.0	0	0.0	0	0.0	-0.9880567193031311	-0.1540904939174652	-0.12507517635822296	-0.1528804749250412	0.9802978038787842	-0.9921472668647766	0.01927289552986622	-0.12358136475086212
-0.2618473172187805	1.5364885330200195	-2.5156123638153076	0.4902821481227875	0.1289909929037094	1.0	0	0.0	0	0.0	0	0.0	-0.2925037443637848	-0.9562643766403198	0.4240582585334778	0.8660264015197754	-0.2649015784263611	0.9056349396705627	-0.4055117964744568	0.12403862923383713
0.26184752583503723	0.9329096078872681	-2.330988645553589	0.46628984808921814	0.21514400839805603	1.0	0	0.0	0	0.0	0	0.0	-0.2925037443637848	-0.9562643766403198	0.42405828833580017	0.8660264015197754	-0.26490160822868347	0.9056349396705627	-0.4055118262767792	0.12403863668441772
-0.2618473172187805	0.9329096078872681	-2.330988645553589	0.4352095127105713	0.16007135808467865	1.0	0	0.0	0	0.0	0	0.0	-0.2925037443637848	-0.9562643766403198	0.4240582287311554	0.8660264015197754	-0.26490160822868347	0.9056349396705627	-0.4055117666721344	0.12403862178325653
-0.64000004529953	1.1594135761260986	1.0720163583755493	0.7181794047355652	0.5328119993209839	1.0	0	0.0	0	0.0	0	-1.0	5.94848348356436e-09	-5.6596043407353136e-08	5.2223320778921334e-08	0.49106067419052124	-0.8711254596710205	2.2610217698115775e-08	-0.8711254596710205	-0.49106067419052124
-0.6399999260902405	0.8005863428115845	-1.0720163583755493	0.6941871047019958	0.6189650297164917	1.0	0	0.0	0	0.0	0	-1.0	5.94848348356436e-09	-5.6596043407353136e-08	5.2223317226207655e-08	0.49106064438819885	-0.8711254000663757	2.2610215921758936e-08	-0.8711254000663757	-0.49106064438819885
-0.64000004529953	0.5816222429275513	1.011288046836853	0.6121182441711426	0.5664514899253845	1.0	0	0.0	0	0.0	0	-1.0	5.94848348356436e-09	-5.6596043407353136e-08	5.2223317226207655e-08	0.49106061458587646	-0.8711254000663757	2.2610214145402097e-08	-0.8711254000663757	-0.49106061458587646
0.64000004529953	1.3783776760101318	-1.011288046836853	0.5606372356414795	0.25365620851516724	1.0	0	0.0	0	0.0	0	1.0	-5.94848348356436e-09	5.6596043407353136e-08	-4.7528576629929375e-08	0.45965445041656494	0.8880978226661682	-3.129745707042275e-08	-0.8880978226661682	0.45965445041656494
0.6399999260902405	0.5816222429275513	1.011288046836853	0.5137097835540771	0.39207732677459717	1.0	0	0.0	0	0.0	0	1.0	-5.94848348356436e-09	5.6596043407353136e-08	-4.752858373535673e-08	0.45965448021888733	0.8880979418754578	-3.129746062313643e-08	-0.8880979418754578	0.45965448021888733
0.64000004529953	0.8005863428115845	-1.0720163583755493	0.511175274848938	0.29467836022377014	1.0	0	0.0	0	0.0	0	1.0	-5.94848348356436e-09	5.6596043407353136e-08	-4.7528580182643054e-08	0.45965445041656494	0.888097882270813	-3.129746062313643e-08	-0.888097882270813	0.45965445041656494
0.2618473172187805	1.001302719116211	2.576340913772583	0.6366029381752014	0.38826316595077515	1.0	0	0.0	0	0.0	0	0.0	-0.10452883690595627	0.9945219159126282	-0.6910387873649597	0.7188579440116882	0.07555527985095978	-0.722817599773407	-0.6872531771659851	-0.07223347574472427
-0.26184752583503723	0.5400113463401794	2.5278570652008057	0.6082795262336731	0.4899686872959137	1.0	0	0.0	0	0.0	0	0.0	-0.10452883690595627	0.9945219159126282	-0.6910388469696045	0.7188578844070435	0.07555527985095978	-0.722817599773407	-0.6872532367706299	-0.07223348319530487
0.2618473172187805	0.5400113463401794	2.5278570652008057	0.5771992206573486	0.4348960518836975	1.0	0	0.0	0	0.0	0	0.0	-0.10452883690595627	0.9945219159126282	-0.6910387873649597	0.7188579440116882	0.07555528730154037	-0.7228177189826965	-0.6872532367706299	-0.07223347574472427
-0.26184746623039246	1.576628565788269	1.1158674955368042	0.5300493240356445	0.10654829442501068	1.0	0	0.0	0	0.0	0	-0.4194173812866211	0.9077380895614624	-0.010033568367362022	0.07638876140117645	0.046304360032081604	0.9960023164749146	0.9045738577842712	0.4169742166996002	-0.0887618437409401
-0.2618473172187805	1.5364885330200195	-2.5156123638153076	0.4902821481227875	0.1289909929037094	1.0	0	0.0	0	0.0	0	-0.4194173812866211	0.9077380895614624	-0.010033568367362022	0.07638876140117645	0.046304360032081604	0.9960023760795593	0.9045737981796265	0.41697418689727783	-0.0887618362903595
-0.6399773359298706	1.3784027099609375	-1.011285424232483	0.4678432047367096	0.08922483772039413	1.0	0	0.0	0	0.0	0	-0.4194173812866211	0.9077380895614624	-0.010033568367362022	0.07638876885175705	0.046304360032081604	0.9960023760795593	0.904573917388916	0.416974276304245	-0.0887618437409401
0.26184752583503723	1.5364885330200195	-2.5156123638153076	0.5213625431060791	0.1840636283159256	1.0	0	0.0	0	0.0	0	0.4194174110889435	0.9077381491661072	-0.010033534839749336	-0.1045939102768898	0.05930041894316673	0.9927454590797424	0.9017478823661804	-0.4153252840042114	0.11981551349163055
0.2618473768234253	1.576628565788269	1.1158674955368042	0.6105349659919739	0.23367953300476074	1.0	0	0.0	0	0.0	0	0.4194174110889435	0.9077381491661072	-0.010033534839749336	-0.1045939177274704	0.05930041894316673	0.9927455186843872	0.9017479419708252	-0.4153252840042114	0.11981551349163055
0.6399773955345154	1.3784027099609375	-1.011285424232483	0.5606381893157959	0.25365227460861206	1.0	0	0.0	0	0.0	0	0.4194174110889435	0.9077381491661072	-0.010033534839749336	-0.10459389537572861	0.059300411492586136	0.9927454590797424	0.9017478823661804	-0.41532525420188904	0.11981549859046936
-0.26184746623039246	1.576628565788269	1.1158674955368042	0.5300493240356445	0.10654829442501068	1.0	0	0.0	0	0.0	0	0.0	0.99993896484375	-0.01105268020182848	0.058662232011556625	0.011033645831048489	0.998216986656189	0.9982779026031494	-0.000648374785669148	-0.05865864455699921
0.26184752583503723	1.5364885330200195	-2.5156123638153076	0.5213625431060791	0.1840636283159256	1.0	0	0.0	0	0.0	0	0.0	0.99993896484375	-0.01105268020182848	0.05866222828626633	0.011033645831048489	0.998216986656189	0.9982779026031494	-0.000648374785669148	-0.05865864083170891
-0.2618473172187805	1.5364885330200195	-2.5156123638153076	0.4902821481227875	0.1289909929037094	1.0	0	0.0	0	0.0	0	0.0	0.99993896484375	-0.01105268020182848	0.05866222456097603	0.011033645831048489	0.998216986656189	0.9982779026031494	-0.0006483747274614871	-0.05865863710641861
-0.26184746623039246	1.576628565788269	1.1158674955368042	0.7553874850273132	0.45938074588775635	1.0	0	0.0	0	0.0	0	0.0	1.0	0.0	1.0	0.0	0.0	0.0	0.0	-1.0
-0.6399773359298706	1.3784027099609375	-1.011285424232483	0.7492622137069702	0.5878833532333374	1.0	0	0.0	0	0.0	0	0.0	1.0	0.0	1.0	0.0	0.0	0.0	0.0	-1.0
-0.6399999260902405	1.3783776760101318	-1.011288046836853	0.4678395092487335	0.08922379463911057	1.0	0	0.0	0	0.0	0	0.0	1.0	0.0	1.0	0.0	0.0	0.0	0.0	-1.0
-0.2618473172187805	1.5364885330200195	-2.5156123638153076	0.4902821481227875	0.1289909929037094	1.0	0	0.0	0	0.0	0	0.0	1.0	0.0	1.0	0.0	0.0	0.0	0.0	-1.0
0.26184752583503723	1.5364885330200195	-2.5156123638153076	0.5213625431060791	0.1840636283159256	1.0	0	0.0	0	0.0	0	0.0	1.0	0.0	1.0	0.0	0.0	0.0	0.0	-1.0
0.2618473768234253	1.576628565788269	1.1158674955368042	0.6794217228889465	0.32477378845214844	1.0	0	0.0	0	0.0	0	0.0	1.0	0.0	1.0	0.0	0.0	0.0	0.0	-1.0
0.64000004529953	1.3783776760101318	-1.011288046836853	0.5606372356414795	0.25365620851516724	1.0	0	0.0	0	0.0	0	0.0	1.0	0.0	1.0	0.0	0.0	0.0	0.0	-1.0
0.2618473768234253	1.576628565788269	1.1158674955368042	0.6105349659919739	0.23367953300476074	1.0	0	0.0	0	0.0	0	0.0	1.0	0.0	1.0	0.0	0.0	0.0	0.0	-1.0
-0.26184752583503723	0.5400113463401794	2.5278570652008057	0.6082795262336731	0.4899686872959137	1.0	0	0.0	0	0.0	0	-1.0	-8.1628668269218e-09	-1.639595303970509e-08	0.0	-0.44567936658859253	-0.8951926231384277	0.0	-0.8951926231384277	0.44567936658859253
-0.26184749603271484	-0.06800906360149384	1.012902021408081	0.5386870503425598	0.5292434692382812	1.0	0	0.0	0	0.0	0	-1.0	-8.1628668269218e-09	-1.639595303970509e-08	0.0	-0.44567936658859253	-0.8951926231384277	0.0	-0.8951926231384277	0.44567936658859253
-0.26184752583503723	0.4240950644016266	2.585566997528076	0.6082795262336731	0.4899686872959137	1.0	0	0.0	0	0.0	0	-1.0	-8.1628668269218e-09	-1.639595303970509e-08	0.0	-0.44567936658859253	-0.8951926231384277	0.0	-0.8951926231384277	0.44567936658859253
0.2618473172187805	0.5400113463401794	2.5278570652008057	0.5771992206573486	0.4348960518836975	1.0	0	0.0	0	0.0	0	1.0	1.6325655494142666e-08	3.279193805383329e-08	-3.694822225952521e-13	-0.8951892256736755	0.44568637013435364	3.6631110589269156e-08	-0.44568637013435364	-0.8951892256736755
0.2618473768234253	-0.06800906360149384	1.012902021408081	0.5076066255569458	0.4741707742214203	1.0	0	0.0	0	0.0	0	1.0	1.6325655494142666e-08	3.279193805383329e-08	-3.7125857943465235e-13	-0.8951891660690308	0.445686399936676	3.6631110589269156e-08	-0.445686399936676	-0.8951891660690308
0.2618473768234253	0.04790731146931648	0.9551923871040344	0.5076066255569458	0.4741707444190979	1.0	0	0.0	0	0.0	0	1.0	1.6325655494142666e-08	3.279193805383329e-08	-3.7125857943465235e-13	-0.8951892256736755	0.445686399936676	3.6631114141982835e-08	-0.445686399936676	-0.8951892256736755
-0.2144622802734375	0.34309083223342896	2.6258957386016846	0.6054673194885254	0.4849855601787567	1.0	0	0.0	0	0.0	0	-6.053696921526353e-08	-0.6674351692199707	0.7446678876876831	-0.208616703748703	0.7282833456993103	0.6527499556541443	-0.9779975414276123	-0.15535010397434235	-0.1392381638288498
0.0588308721780777	-0.08425696194171906	2.2428700923919678	0.5664372444152832	0.4691188335418701	1.0	0	0.0	0	0.0	0	-6.053696921526353e-08	-0.6674351692199707	0.7446678876876831	-0.208616703748703	0.7282833456993103	0.6527499556541443	-0.9779975414276123	-0.15535010397434235	-0.1392381638288498
0.2144620418548584	0.3430907726287842	2.6258957386016846	0.5800114274024963	0.4398791790008545	1.0	0	0.0	0	0.0	0	-6.053696921526353e-08	-0.6674351692199707	0.7446678876876831	-0.20861664414405823	0.7282833456993103	0.6527498960494995	-0.9779975414276123	-0.15535008907318115	-0.1392381489276886
-0.2144622802734375	0.34309083223342896	2.6258957386016846	0.6054673194885254	0.4849855601787567	1.0	0	0.0	0	0.0	0	6.193301516077554e-08	0.445679634809494	0.895192563533783	-5.631690669360978e-07	0.8951926231384277	-0.4456796646118164	-1.0	-4.7654245349804114e-07	3.064349414216849e-07
0.2144620418548584	0.3430907726287842	2.6258957386016846	0.5800114274024963	0.4398791790008545	1.0	0	0.0	0	0.0	0	6.193301516077554e-08	0.445679634809494	0.895192563533783	-5.631690100926789e-07	0.895192563533783	-0.445679634809494	-1.0	-4.7654245349804114e-07	3.064349414216849e-07
0.2618473172187805	0.5400113463401794	2.5278570652008057	0.5771992206573486	0.4348960518836975	1.0	0	0.0	0	0.0	0	6.193301516077554e-08	0.445679634809494	0.895192563533783	-5.631690100926789e-07	0.895192563533783	-0.445679634809494	-1.0	-4.7654245349804114e-07	3.064349414216849e-07
-0.2618473172187805	0.9329096078872681	-2.330988645553589	0.4438471794128418	0.5827664136886597	1.0	0	0.0	0	0.0	0	-1.0	3.30982814489289e-08	-4.3587089493257736e-08	0.0	0.6047599911689758	-0.7964077591896057	0.0	-0.7964077591896057	-0.6047599911689758
-0.2618473768234253	0.21817299723625183	-1.50624680519104	0.48361435532569885	0.5603237152099609	1.0	0	0.0	0	0.0	0	-1.0	3.30982814489289e-08	-4.3587089493257736e-08	0.0	0.6047599911689758	-0.7964077591896057	0.0	-0.7964077591896057	-0.6047599911689758
-0.2618473768234253	0.40915894508361816	-1.3612197637557983	0.48361435532569885	0.5603237152099609	1.0	0	0.0	0	0.0	0	-1.0	3.30982814489289e-08	-4.3587089493257736e-08	0.0	0.6047599911689758	-0.7964077591896057	0.0	-0.7964077591896057	-0.6047599911689758
0.0651983693242073	0.45094630122184753	-2.696972608566284	0.45461907982826233	0.19446402788162231	1.0	0	0.0	0	0.0	0	0.0	0.6047613024711609	-0.7964068055152893	7.435544375766767e-07	0.7964068651199341	0.6047613024711609	1.0	-5.921717729506781e-07	-4.496729388847598e-07
-0.06519815325737	0.45094630122184753	-2.696972608566284	0.4468802809715271	0.18075132369995117	1.0	0	0.0	0	0.0	0	0.0	0.6047613024711609	-0.7964068055152893	7.435542670464201e-07	0.7964068055152893	0.6047612428665161	1.0	-5.921716592638404e-07	-4.496728536196315e-07
-0.2618473172187805	0.7419236898422241	-2.476015329360962	0.4352095127105713	0.16007135808467865	1.0	0	0.0	0	0.0	0	0.0	0.6047613024711609	-0.7964068055152893	7.435542670464201e-07	0.7964068055152893	0.6047612428665161	1.0	-5.921716592638404e-07	-4.496728536196315e-07
0.26184752583503723	0.9329096078872681	-2.330988645553589	0.41276681423187256	0.5276938080787659	1.0	0	0.0	0	0.0	0	1.0	-1.6549131842680254e-08	2.1793546522985707e-08	0.0	0.6047597527503967	-0.79640793800354	0.0	0.79640793800354	0.6047597527503967
0.26184749603271484	0.21817299723625183	-1.506246566772461	0.4525339901447296	0.5052511692047119	1.0	0	0.0	0	0.0	0	1.0	-1.6549131842680254e-08	2.1793546522985707e-08	0.0	0.6047597527503967	-0.79640793800354	0.0	0.79640793800354	0.6047597527503967
0.26184752583503723	0.7419236898422241	-2.476015567779541	0.41276681423187256	0.5276938080787659	1.0	0	0.0	0	0.0	0	1.0	-1.6549131842680254e-08	2.1793546522985707e-08	0.0	0.6047597527503967	-0.79640793800354	0.0	0.79640793800354	0.6047597527503967
-0.25659361481666565	-0.07699040323495865	1.0173735618591309	0.5383752584457397	0.5286909341812134	1.0	0	0.0	0	0.0	0	-0.4927237033843994	-0.8699005246162415	-0.022283896803855896	-0.20956936478614807	0.09377067536115646	0.9732871651649475	-0.8445733785629272	0.4842316210269928	-0.22850750386714935
-0.04111817851662636	-0.21370255947113037	1.5898107290267944	0.5448980331420898	0.4951329529285431	1.0	0	0.0	0	0.0	0	-0.4927237033843994	-0.8699005246162415	-0.022283896803855896	-0.20956936478614807	0.09377067536115646	0.9732871055603027	-0.8445733189582825	0.4842315912246704	-0.22850750386714935
-0.058831047266721725	-0.21009695529937744	1.8407108783721924	0.5556241273880005	0.49153563380241394	1.0	0	0.0	0	0.0	0	-0.4927237033843994	-0.8699005246162415	-0.022283896803855896	-0.20956936478614807	0.09377067536115646	0.9732871055603027	-0.8445733785629272	0.4842316508293152	-0.22850753366947174
0.2565934956073761	-0.07699040323495865	1.0173735618591309	0.5079184770584106	0.47472327947616577	1.0	0	0.0	0	0.0	0	0.0	-0.9269713759422302	-0.37513211369514465	-0.15035822987556458	-0.37086746096611023	0.9164332151412964	-0.9886316657066345	0.05640420317649841	-0.13937777280807495
-0.1349606215953827	-0.15054066479206085	1.1991201639175415	0.5367131233215332	0.5127639770507812	1.0	0	0.0	0	0.0	0	0.0	-0.9269713759422302	-0.37513211369514465	-0.15035822987556458	-0.37086746096611023	0.9164331555366516	-0.9886316061019897	0.056404199451208115	-0.13937777280807495
-0.25659361481666565	-0.07699040323495865	1.0173735618591309	0.5383752584457397	0.5286909341812134	1.0	0	0.0	0	0.0	0	0.0	-0.9269713759422302	-0.37513211369514465	-0.15035824477672577	-0.37086746096611023	0.9164332151412964	-0.9886316657066345	0.05640420690178871	-0.13937778770923615
0.2565934956073761	-0.07699040323495865	1.0173735618591309	0.5079184770584106	0.47472327947616577	1.0	0	0.0	0	0.0	0	0.49272286891937256	-0.8699009418487549	-0.022284142673015594	-0.18669286370277405	-0.13068801164627075	0.9736870527267456	-0.8499234914779663	-0.4755975306034088	-0.22679725289344788
0.041118018329143524	-0.2137024849653244	1.5898106098175049	0.5400174856185913	0.48648491501808167	1.0	0	0.0	0	0.0	0	0.49272286891937256	-0.8699009418487549	-0.022284142673015594	-0.18669286370277405	-0.13068801164627075	0.9736870527267456	-0.8499235510826111	-0.4755975902080536	-0.22679726779460907
0.13496047258377075	-0.15054066479206085	1.1991201639175415	0.5206937193870544	0.4843786060810089	1.0	0	0.0	0	0.0	0	0.49272286891937256	-0.8699009418487549	-0.022284142673015594	-0.18669286370277405	-0.13068801164627075	0.9736871123313904	-0.8499234914779663	-0.4755975604057312	-0.22679725289344788
0.05883088707923889	-0.21009695529937744	1.8407107591629028	0.5486410856246948	0.4791621267795563	1.0	0	0.0	0	0.0	0	9.267330938200757e-07	-0.999896764755249	0.01436882745474577	-0.202626034617424	0.014070576056838036	0.9791551232337952	-0.9792562127113342	-0.002912405878305435	-0.20260509848594666
-0.04111817851662636	-0.21370255947113037	1.5898107290267944	0.5448980331420898	0.4951329529285431	1.0	0	0.0	0	0.0	0	9.267330938200757e-07	-0.999896764755249	0.01436882745474577	-0.20262600481510162	0.014070575125515461	0.9791550636291504	-0.9792561531066895	-0.0029124056454747915	-0.20260506868362427
0.041118018329143524	-0.2137024849653244	1.5898106098175049	0.5400174856185913	0.48648491501808167	1.0	0	0.0	0	0.0	0	9.267330938200757e-07	-0.999896764755249	0.01436882745474577	-0.2026260495185852	0.01407057698816061	0.9791551828384399	-0.979256272315979	-0.002912405878305435	-0.20260511338710785
-0.26184752583503723	0.4240950644016266	2.585566997528076	0.6082795262336731	0.4899686872959137	1.0	0	0.0	0	0.0	0	-0.8834537863731384	-0.4471389949321747	0.13991467654705048	-0.2159048616886139	0.6535734534263611	0.7254149317741394	-0.4158058166503906	0.6106623411178589	-0.673941433429718
-0.26184749603271484	-0.06800906360149384	1.012902021408081	0.5386870503425598	0.5292434692382812	1.0	0	0.0	0	0.0	0	-0.8834537863731384	-0.4471389949321747	0.13991467654705048	-0.21590489149093628	0.6535734534263611	0.7254149913787842	-0.4158058166503906	0.6106623411178589	-0.6739413738250732
-0.058831047266721725	-0.21009695529937744	1.8407108783721924	0.5556241273880005	0.49153563380241394	1.0	0	0.0	0	0.0	0	-0.8834537863731384	-0.4471389949321747	0.13991467654705048	-0.21590487658977509	0.6535734534263611	0.7254149913787842	-0.415805846452713	0.6106623411178589	-0.673941433429718
-0.1349606215953827	-0.15054066479206085	1.1991201639175415	0.5367131233215332	0.5127639770507812	1.0	0	0.0	0	0.0	0	6.630363031945308e-07	-0.9871825575828552	-0.1595953106880188	-0.18335117399692535	-0.1568898856639862	0.970447301864624	-0.9830474257469177	0.02926134131848812	-0.18100117146968842
0.041118018329143524	-0.2137024849653244	1.5898106098175049	0.5400174856185913	0.48648491501808167	1.0	0	0.0	0	0.0	0	6.630363031945308e-07	-0.9871825575828552	-0.1595953106880188	-0.18335117399692535	-0.1568898856639862	0.970447301864624	-0.9830475449562073	0.02926134690642357	-0.1810011863708496
-0.04111817851662636	-0.21370255947113037	1.5898107290267944	0.5448980331420898	0.4951329529285431	1.0	0	0.0	0	0.0	0	6.630363031945308e-07	-0.9871825575828552	-0.1595953106880188	-0.18335118889808655	-0.1568898856639862	0.9704473614692688	-0.9830474853515625	0.02926134504377842	-0.1810011863708496
0.2565934956073761	-0.07699040323495865	1.0173735618591309	0.5079184770584106	0.47472327947616577	1.0	0	0.0	0	0.0	0	0.0	-0.4456780254840851	-0.895193338394165	1.8901131397797144e-06	-0.895193338394165	0.4456780254840851	-1.0	-1.6920166672207415e-06	8.423818940173078e-07
-0.25659361481666565	-0.07699040323495865	1.0173735618591309	0.5383752584457397	0.5286909341812134	1.0	0	0.0	0	0.0	0	0.0	-0.4456780254840851	-0.895193338394165	1.8901132534665521e-06	-0.8951933979988098	0.44567808508872986	-1.0	-1.6920167809075792e-06	8.423819508607266e-07
0.2618473768234253	0.04790731146931648	0.9551923871040344	0.5076066255569458	0.4741707444190979	1.0	0	0.0	0	0.0	0	0.0	-0.4456780254840851	-0.895193338394165	1.8901131397797144e-06	-0.895193338394165	0.4456780254840851	-1.0	-1.6920166672207415e-06	8.423818940173078e-07
-0.058831047266721725	-0.21009695529937744	1.8407108783721924	0.5556241273880005	0.49153563380241394	1.0	0	0.0	0	0.0	0	0.0	-0.9543682932853699	0.2986322343349457	-0.22103358805179596	0.2912459075450897	0.9307631254196167	-0.9752662181854248	-0.06600775569677353	-0.2109474539756775
0.0588308721780777	-0.08425696194171906	2.2428700923919678	0.5664372444152832	0.4691188335418701	1.0	0	0.0	0	0.0	0	0.0	-0.9543682932853699	0.2986322343349457	-0.22103360295295715	0.2912459373474121	0.9307631850242615	-0.9752662777900696	-0.06600775569677353	-0.21094746887683868
-0.05883106216788292	-0.08425696194171906	2.2428700923919678	0.5734202265739441	0.48149237036705017	1.0	0	0.0	0	0.0	0	0.0	-0.9543682932853699	0.2986322343349457	-0.22103358805179596	0.2912459075450897	0.9307631254196167	-0.9752662181854248	-0.06600775569677353	-0.2109474539756775
0.2618473172187805	0.4240950345993042	2.585566997528076	0.5771992206573486	0.4348960518836975	1.0	0	0.0	0	0.0	0	0.8834537863731384	-0.44713905453681946	0.13991473615169525	-0.19324731826782227	-0.07571941614151001	0.978223979473114	-0.4268079102039337	-0.8912538290023804	-0.15330301225185394
0.05883088707923889	-0.21009695529937744	1.8407107591629028	0.5486410856246948	0.4791621267795563	1.0	0	0.0	0	0.0	0	0.8834537863731384	-0.44713905453681946	0.13991473615169525	-0.19324728846549988	-0.07571940869092941	0.9782239198684692	-0.42680788040161133	-0.8912537693977356	-0.15330299735069275
0.2618473768234253	-0.06800906360149384	1.012902021408081	0.5076066255569458	0.4741707742214203	1.0	0	0.0	0	0.0	0	0.8834537863731384	-0.44713905453681946	0.13991473615169525	-0.19324728846549988	-0.0757194235920906	0.9782239198684692	-0.42680788040161133	-0.8912537693977356	-0.15330302715301514
-0.23846176266670227	0.18356986343860626	-1.5325231552124023	0.4822264611721039	0.5578644871711731	1.0	0	0.0	0	0.0	0	-1.4432902162297978e-07	-0.9989992380142212	-0.04472896084189415	-0.15915170311927795	-0.044158827513456345	0.9862661361694336	-0.9872542023658752	0.007118832319974899	-0.15899240970611572
0.06519836187362671	0.21624967455863953	-2.262411594390869	0.4422575831413269	0.538317084312439	1.0	0	0.0	0	0.0	0	-1.4432902162297978e-07	-0.9989992380142212	-0.04472896084189415	-0.15915170311927795	-0.044158827513456345	0.9862660765647888	-0.9872541427612305	0.007118832319974899	-0.15899240970611572
0.23846188187599182	0.1835697889328003	-1.5325230360031128	0.4539218842983246	0.5077103972434998	1.0	0	0.0	0	0.0	0	-1.4432902162297978e-07	-0.9989992380142212	-0.04472896084189415	-0.15915168821811676	-0.044158827513456345	0.986266016960144	-0.9872540831565857	0.007118831388652325	-0.15899239480495453
-0.06519816070795059	0.21624967455863953	-2.2624118328094482	0.44999638199806213	0.5520297884941101	1.0	0	0.0	0	0.0	0	9.255187478629523e-07	-0.8798768520355225	-0.47520166635513306	-0.19009850919246674	-0.4665365219116211	0.8638322353363037	-0.9817649722099304	0.09033433347940445	-0.1672637164592743
0.0651983693242073	0.45094630122184753	-2.696972608566284	0.42443761229515076	0.548373818397522	1.0	0	0.0	0	0.0	0	9.255187478629523e-07	-0.8798768520355225	-0.47520166635513306	-0.19009852409362793	-0.4665365219116211	0.8638322353363037	-0.9817649722099304	0.09033434092998505	-0.16726373136043549
0.06519836187362671	0.21624967455863953	-2.262411594390869	0.4422575831413269	0.538317084312439	1.0	0	0.0	0	0.0	0	9.255187478629523e-07	-0.8798768520355225	-0.47520166635513306	-0.19009852409362793	-0.4665365517139435	0.8638322949409485	-0.9817650318145752	0.09033434092998505	-0.16726373136043549
-0.06519816070795059	0.21624967455863953	-2.2624118328094482	0.44999638199806213	0.5520297884941101	1.0	0	0.0	0	0.0	0	-0.8781742453575134	-0.42088091373443604	-0.22730858623981476	-0.17131556570529938	-0.1669464409351349	0.9709686040878296	-0.4466105103492737	0.8916211128234863	0.07450461387634277
-0.2618473768234253	0.21817299723625183	-1.50624680519104	0.48361435532569885	0.5603237152099609	1.0	0	0.0	0	0.0	0	-0.8781742453575134	-0.42088091373443604	-0.22730858623981476	-0.17131556570529938	-0.1669464409351349	0.9709685444831848	-0.4466105103492737	0.8916210532188416	0.07450462132692337
-0.2618473172187805	0.7419236898422241	-2.476015329360962	0.4438471794128418	0.5827664136886597	1.0	0	0.0	0	0.0	0	-0.8781742453575134	-0.42088091373443604	-0.22730858623981476	-0.17131556570529938	-0.1669464409351349	0.9709686040878296	-0.4466105103492737	0.8916211128234863	0.07450461387634277
-0.23846176266670227	0.18356986343860626	-1.5325231552124023	0.4822264611721039	0.5578644871711731	1.0	0	0.0	0	0.0	0	-2.935423992767028e-07	-0.604762613773346	0.7964059114456177	-8.547553079552017e-06	-0.7964058518409729	-0.604762613773346	1.0	-6.984844276303193e-06	-4.935461220156867e-06
0.23846188187599182	0.1835697889328003	-1.5325230360031128	0.4539218842983246	0.5077103972434998	1.0	0	0.0	0	0.0	0	-2.935423992767028e-07	-0.604762613773346	0.7964059114456177	-8.547552170057315e-06	-0.7964058518409729	-0.604762613773346	1.0	-6.984843366808491e-06	-4.935460765409516e-06
0.26184749603271484	0.21817299723625183	-1.506246566772461	0.4525339901447296	0.5052511692047119	1.0	0	0.0	0	0.0	0	-2.935423992767028e-07	-0.604762613773346	0.7964059114456177	-8.547553079552017e-06	-0.7964057922363281	-0.6047625541687012	1.0	-6.9848447310505435e-06	-4.935461674904218e-06
0.06519836187362671	0.21624967455863953	-2.262411594390869	0.4422575831413269	0.538317084312439	1.0	0	0.0	0	0.0	0	0.8781742453575134	-0.42088109254837036	-0.2273084819316864	-0.1883929818868637	-0.7411136627197266	0.6444056630134583	-0.4396795928478241	-0.523077130317688	-0.7301179766654968
0.26184752583503723	0.7419236898422241	-2.476015567779541	0.41276681423187256	0.5276938080787659	1.0	0	0.0	0	0.0	0	0.8781742453575134	-0.42088109254837036	-0.2273084819316864	-0.1883929818868637	-0.7411136627197266	0.6444056630134583	-0.4396795928478241	-0.523077130317688	-0.7301179766654968
0.26184749603271484	0.21817299723625183	-1.506246566772461	0.4525339901447296	0.5052511692047119	1.0	0	0.0	0	0.0	0	0.8781742453575134	-0.42088109254837036	-0.2273084819316864	-0.18839296698570251	-0.7411136627197266	0.644405722618103	-0.4396795630455017	-0.523077130317688	-0.730117917060852
0.1766081601381302	0.9807853102684021	2.545090675354004	0.37817034125328064	0.8720518946647644	1.0	2	0.0	0	0.0	0	0.952424168586731	0.3033081293106079	0.029873421415686607	0.28351083397865295	-0.9176759719848633	0.27837488055229187	0.11184749007225037	-0.2566615343093872	-0.960007905960083
0.3199998736381531	0.5497328639030457	2.3499999046325684	0.4309731423854828	0.8257840871810913	1.0	2	0.0	0	0.0	0	0.952424168586731	0.3033081293106079	0.029873421415686607	0.28351080417633057	-0.9176759123802185	0.2783748507499695	0.11184747517108917	-0.2566615045070648	-0.9600078463554382
0.17660817503929138	1.0000001192092896	2.3500001430511475	0.36703893542289734	0.8451783657073975	1.0	2	0.0	0	0.0	0	0.952424168586731	0.3033081293106079	0.029873421415686607	0.28351083397865295	-0.9176759719848633	0.2783748507499695	0.11184747517108917	-0.2566615045070648	-0.960007905960083
-0.17660845816135406	0.9807853102684021	2.545090675354004	0.8410647511482239	0.9637238383293152	1.0	2	0.0	0	0.0	0	-0.952424168586731	0.3033081591129303	0.02987321838736534	-1.1828761898868834e-06	-0.09802073985338211	0.9951844215393066	0.30477574467658997	0.9478376507759094	0.09335767477750778
-0.32000014185905457	0.5497328639030457	2.3499999046325684	0.8185256719589233	0.8972344994544983	1.0	2	0.0	0	0.0	0	-0.952424168586731	0.3033081591129303	0.02987321838736534	-1.1846501593026915e-06	-0.09802073985338211	0.9951844215393066	0.3047757148742676	0.9478375315666199	0.09335767477750778
-0.32000014185905457	0.5391699075698853	2.457247495651245	0.834516167640686	0.8972345590591431	1.0	2	0.0	0	0.0	0	-0.952424168586731	0.3033081591129303	0.02987321838736534	-1.1828760762000456e-06	-0.09802073240280151	0.9951844215393066	0.3047757148742676	0.9478375315666199	0.09335766732692719
0.1766081601381302	0.9238795638084412	2.7326834201812744	0.3943306505680084	0.8962374925613403	1.0	2	0.0	0	0.0	0	0.952424168586731	0.2916521728038788	0.08847188949584961	0.2571249008178711	-0.9247670769691467	0.2805221676826477	0.16363078355789185	-0.24442777037620544	-0.9557615518569946
0.3199998736381531	0.53916996717453	2.457247495651245	0.43709245324134827	0.8405574560165405	1.0	2	0.0	0	0.0	0	0.952424168586731	0.2916521728038788	0.08847188949584961	0.2571249008178711	-0.9247670769691467	0.2805221676826477	0.16363078355789185	-0.24442777037620544	-0.9557615518569946
