1665	596	6
-0.20028500258922577	-1.1920928955078125e-07	1.2999993562698364	0.3719089925289154	0.6656800508499146	1.0	3	0.0	0	0.0	0	-0.9629639983177185	-0.026428423821926117	-0.2683316171169281	-0.2504425346851349	-0.28103190660476685	0.9264445900917053	-0.099894218146801	0.9593344330787659	0.26400479674339294
-0.2800000011920929	-0.13927984237670898	1.599791169166565	0.41553330421447754	0.6718453168869019	1.0	3	0.0	0	0.0	0	-0.9629639983177185	-0.026428423821926117	-0.2683316171169281	-0.2504425346851349	-0.28103190660476685	0.9264446496963501	-0.099894218146801	0.9593344926834106	0.26400479674339294
-0.2800000011920929	-1.1920928955078125e-07	1.5860732793807983	0.40839508175849915	0.6546121835708618	1.0	3	0.0	0	0.0	0	-0.9629639983177185	-0.026428423821926117	-0.2683316171169281	-0.2504425346851349	-0.28103190660476685	0.9264446496963501	-0.09989422559738159	0.9593344926834106	0.26400482654571533
0.20028498768806458	-1.1920928955078125e-07	1.2999993562698364	0.7520869970321655	0.7596290707588196	1.0	3	0.0	0	0.0	0	0.9629639983177185	-0.026428457349538803	-0.2683315575122833	-6.356998483170173e-08	-0.9951847195625305	0.09801730513572693	-0.26962992548942566	-0.09438712149858475	-0.958327054977417
0.2799999713897705	-0.13927984237670898	1.599791169166565	0.7744772434234619	0.7216847538948059	1.0	3	0.0	0	0.0	0	0.9629639983177185	-0.026428457349538803	-0.2683315575122833	-5.998266061624236e-08	-0.9951846599578857	0.09801730513572693	-0.26962992548942566	-0.09438713639974594	-0.9583271145820618
0.20028497278690338	-0.1950904130935669	1.319214105606079	0.7782144546508789	0.7596290707588196	1.0	3	0.0	0	0.0	0	0.9629639983177185	-0.026428457349538803	-0.2683315575122833	-6.356998483170173e-08	-0.9951847195625305	0.09801730513572693	-0.26962992548942566	-0.09438712149858475	-0.958327054977417
-0.20028501749038696	-0.38268351554870605	1.37611985206604	0.3964231610298157	0.7115427851676941	1.0	3	0.0	0	0.0	0	-0.9629641175270081	-0.07826942950487137	-0.25801968574523926	-0.22674787044525146	-0.282721608877182	0.932016134262085	-0.1458960920572281	0.9560034275054932	0.2545033097267151
-0.2800000011920929	-0.13927984237670898	1.599791169166565	0.41553330421447754	0.6718453168869019	1.0	3	0.0	0	0.0	0	-0.9629641175270081	-0.07826942950487137	-0.25801968574523926	-0.22674784064292908	-0.282721608877182	0.9320160746574402	-0.1458960920572281	0.9560033679008484	0.2545033097267151
-0.20028501749038696	-0.1950904130935669	1.319214105606079	0.38190752267837524	0.6898186206817627	1.0	3	0.0	0	0.0	0	-0.9629641175270081	-0.07826942950487137	-0.25801968574523926	-0.22674785554409027	-0.2827216386795044	0.932016134262085	-0.1458960920572281	0.9560034275054932	0.2545033395290375
0.20028497278690338	-0.38268351554870605	1.37611985206604	0.8038398623466492	0.7545318603515625	1.0	3	0.0	0	0.0	0	0.9629641175270081	-0.0782695934176445	-0.2580195665359497	-0.05454469844698906	-0.9937034845352173	0.09786926209926605	-0.26405513286590576	-0.08017098903656006	-0.961169958114624
0.2799999713897705	-0.13927984237670898	1.599791169166565	0.7744772434234619	0.7216847538948059	1.0	3	0.0	0	0.0	0	0.9629641175270081	-0.0782695934176445	-0.2580195665359497	-0.05454469472169876	-0.9937034249305725	0.09786925464868546	-0.2640551030635834	-0.08017098158597946	-0.9611698985099792
0.2799999713897705	-0.27320796251296997	1.6404179334640503	0.7927719354629517	0.7180456519126892	1.0	3	0.0	0	0.0	0	0.9629641175270081	-0.0782695934176445	-0.2580195665359497	-0.05454469844698906	-0.9937034845352173	0.09786926209926605	-0.26405513286590576	-0.08017098903656006	-0.961169958114624
-0.20028503239154816	-0.5555703639984131	1.4685298204421997	0.4148980379104614	0.7300176620483398	1.0	3	0.0	0	0.0	0	-0.9629640579223633	-0.1271025836467743	-0.23779231309890747	-0.19421957433223724	-0.2847580015659332	0.9387180805206299	-0.1870267540216446	0.9501357078552246	0.24952591955661774
-0.2800000011920929	-0.27320802211761475	1.6404179334640503	0.42589643597602844	0.6873546838760376	1.0	3	0.0	0	0.0	0	-0.9629640579223633	-0.1271025836467743	-0.23779231309890747	-0.19421957433223724	-0.2847580015659332	0.9387180805206299	-0.1870267540216446	0.9501357078552246	0.24952591955661774
-0.20028501749038696	-0.38268351554870605	1.37611985206604	0.3964231610298157	0.7115427851676941	1.0	3	0.0	0	0.0	0	-0.9629640579223633	-0.1271025836467743	-0.23779231309890747	-0.19421958923339844	-0.2847580015659332	0.9387181401252747	-0.1870267540216446	0.9501356482505798	0.24952588975429535
0.2002849578857422	-0.5555703639984131	1.4685298204421997	0.8279784321784973	0.7445333003997803	1.0	3	0.0	0	0.0	0	0.9629640579223633	-0.12710262835025787	-0.23779243230819702	-0.1065412387251854	-0.9895203113555908	0.09745997190475464	-0.24768783152103424	-0.06851574778556824	-0.9664140939712524
0.2799999713897705	-0.27320796251296997	1.6404179334640503	0.7927719354629517	0.7180456519126892	1.0	3	0.0	0	0.0	0	0.9629640579223633	-0.12710262835025787	-0.23779243230819702	-0.1065412387251854	-0.9895203113555908	0.09745997935533524	-0.24768783152103424	-0.06851574778556824	-0.9664140939712524
0.2799999713897705	-0.3966362476348877	1.70639169216156	0.8100051283836365	0.7109074592590332	1.0	3	0.0	0	0.0	0	0.9629640579223633	-0.12710262835025787	-0.23779243230819702	-0.1065412387251854	-0.9895203709602356	0.09745998680591583	-0.24768784642219543	-0.06851575523614883	-0.9664141535758972
-0.20028503239154816	-0.5555703639984131	1.4685298204421997	0.4148980379104614	0.7300176620483398	1.0	3	0.0	0	0.0	0	-0.9629640579223633	-0.1710512638092041	-0.20842671394348145	-0.15371102094650269	-0.2868346869945526	0.9455679655075073	-0.22152461111545563	0.9425854682922363	0.24991904199123383
-0.2800000011920929	-0.5048219561576843	1.7951773405075073	0.45459556579589844	0.710907518863678	1.0	3	0.0	0	0.0	0	-0.9629640579223633	-0.1710512638092041	-0.20842671394348145	-0.1537110060453415	-0.2868346869945526	0.9455679059028625	-0.22152459621429443	0.9425854086875916	0.24991904199123383
-0.2800000011920929	-0.3966362476348877	1.70639169216156	0.43908607959747314	0.7005444765090942	1.0	3	0.0	0	0.0	0	-0.9629640579223633	-0.1710512638092041	-0.20842671394348145	-0.15371102094650269	-0.2868346869945526	0.9455679655075073	-0.22152461111545563	0.9425854682922363	0.24991904199123383
0.2002849578857422	-0.7071068286895752	1.5928925275802612	0.8497025966644287	0.7300177216529846	1.0	3	0.0	0	0.0	0	0.9629639983177185	-0.17105139791965485	-0.20842672884464264	-0.15371064841747284	-0.9833577871322632	0.09685371071100235	-0.22152501344680786	-0.06122922524809837	-0.9732306003570557
0.2799999713897705	-0.3966362476348877	1.70639169216156	0.8100051283836365	0.7109074592590332	1.0	3	0.0	0	0.0	0	0.9629639983177185	-0.17105139791965485	-0.20842672884464264	-0.15371063351631165	-0.9833576679229736	0.09685368835926056	-0.22152498364448547	-0.06122921407222748	-0.9732304811477661
0.2799999713897705	-0.5048220157623291	1.7951774597167969	0.825514554977417	0.7005444169044495	1.0	3	0.0	0	0.0	0	0.9629639983177185	-0.17105139791965485	-0.20842672884464264	-0.15371064841747284	-0.9833577871322632	0.09685371071100235	-0.22152501344680786	-0.06122922524809837	-0.9732306003570557
-0.20028503239154816	-0.7071068286895752	1.5928925275802612	0.4366222023963928	0.7445333003997803	1.0	3	0.0	0	0.0	0	-0.9629640579223633	-0.2084265798330307	-0.17105139791965485	-0.10654207319021225	-0.2886303663253784	0.9514942765235901	-0.24768729507923126	0.9344788789749146	0.2557344436645508
-0.2800000011920929	-0.5936077833175659	1.9033631086349487	0.47182872891426086	0.7180457711219788	1.0	3	0.0	0	0.0	0	-0.9629640579223633	-0.2084265798330307	-0.17105139791965485	-0.10654208064079285	-0.2886303663253784	0.9514943361282349	-0.24768730998039246	0.9344789385795593	0.2557344436645508
-0.2800000011920929	-0.5048219561576843	1.7951773405075073	0.45459556579589844	0.710907518863678	1.0	3	0.0	0	0.0	0	-0.9629640579223633	-0.2084265798330307	-0.17105139791965485	-0.10654205828905106	-0.28863033652305603	0.9514942169189453	-0.24768730998039246	0.9344788789749146	0.2557344436645508
0.2002849578857422	-0.7071068286895752	1.5928925275802612	0.8497025966644287	0.7300177216529846	1.0	3	0.0	0	0.0	0	0.9629639983177185	-0.20842693746089935	-0.17105142772197723	-0.19421978294849396	-0.9762343168258667	0.09615156799554825	-0.18702684342861176	-0.05936892703175545	-0.9805591106414795
0.2799999713897705	-0.5936077833175659	1.9033631086349487	0.8387042284011841	0.6873547434806824	1.0	3	0.0	0	0.0	0	0.9629639983177185	-0.20842693746089935	-0.17105142772197723	-0.19421979784965515	-0.9762343764305115	0.09615158289670944	-0.18702685832977295	-0.05936893820762634	-0.9805591702461243
0.200284942984581	-0.8314696550369263	1.744429111480713	0.8681775331497192	0.7115428447723389	1.0	3	0.0	0	0.0	0	0.9629639983177185	-0.20842693746089935	-0.17105142772197723	-0.19421976804733276	-0.9762343168258667	0.09615157544612885	-0.18702685832977295	-0.05936893820762634	-0.9805591106414795
-0.20028504729270935	-0.8314696550369263	1.744429111480713	0.46076083183288574	0.7545318007469177	1.0	3	0.0	0	0.0	0	-0.9629640579223633	-0.23779214918613434	-0.1271027773618698	-0.05454283952713013	-0.2898571193218231	0.9555144309997559	-0.2640554904937744	0.9270585775375366	0.26615214347839355
-0.2800000309944153	-0.6595815420150757	2.0267913341522217	0.49012333154678345	0.7216846942901611	1.0	3	0.0	0	0.0	0	-0.9629640579223633	-0.23779214918613434	-0.1271027773618698	-0.05454283952713013	-0.2898571491241455	0.9555145502090454	-0.2640554904937744	0.9270586371421814	0.26615214347839355
-0.2800000011920929	-0.5936077833175659	1.9033631086349487	0.47182872891426086	0.7180457711219788	1.0	3	0.0	0	0.0	0	-0.9629640579223633	-0.23779214918613434	-0.1271027773618698	-0.05454283952713013	-0.28985708951950073	0.9555144309997559	-0.2640554904937744	0.9270586967468262	0.26615214347839355
0.200284942984581	-0.8314696550369263	1.744429111480713	0.8681775331497192	0.7115428447723389	1.0	3	0.0	0	0.0	0	0.9629641175270081	-0.23779234290122986	-0.12710270285606384	-0.22674749791622162	-0.9692637324333191	0.09546451270580292	-0.1458967626094818	-0.06310868263244629	-0.9872849583625793
0.2799999415874481	-0.6595815420150757	2.0267913341522217	0.8490672707557678	0.6718453168869019	1.0	3	0.0	0	0.0	0	0.9629641175270081	-0.23779234290122986	-0.12710270285606384	-0.22674748301506042	-0.9692636728286743	0.09546450525522232	-0.1458967626094818	-0.06310867518186569	-0.9872848987579346
0.200284942984581	-0.9238795638084412	1.9173158407211304	0.8826931118965149	0.6898186802864075	1.0	3	0.0	0	0.0	0	0.9629641175270081	-0.23779234290122986	-0.12710270285606384	-0.2267475128173828	-0.9692637324333191	0.09546451270580292	-0.1458967626094818	-0.06310867518186569	-0.9872848987579346
-0.20028504729270935	-0.9238795638084412	1.9173158407211304	0.4863862097263336	0.7596290111541748	1.0	3	0.0	0	0.0	0	-0.9629640579223633	-0.2580196261405945	-0.07826942205429077	-2.6970849376084516e-06	-0.29027554392814636	0.956943154335022	-0.2696297764778137	0.9215019941329956	0.27952420711517334
-0.2800000309944153	-0.7002081871032715	2.160719394683838	0.5087764859199524	0.7216848731040955	1.0	3	0.0	0	0.0	0	-0.9629640579223633	-0.2580196261405945	-0.07826942205429077	-2.6899106160271913e-06	-0.29027554392814636	0.956943154335022	-0.2696298062801361	0.9215021133422852	0.2795242369174957
-0.2800000309944153	-0.6595815420150757	2.0267913341522217	0.49012333154678345	0.7216846942901611	1.0	3	0.0	0	0.0	0	-0.9629640579223633	-0.2580196261405945	-0.07826942205429077	-2.6970849376084516e-06	-0.29027554392814636	0.956943154335022	-0.2696297764778137	0.9215019941329956	0.27952420711517334
0.200284942984581	-0.9238795638084412	1.9173158407211304	0.8826931118965149	0.6898186802864075	1.0	3	0.0	0	0.0	0	0.9629641175270081	-0.25801974534988403	-0.07826942950487137	-0.2504422664642334	-0.9634696841239929	0.09489407390356064	-0.09989476203918457	-0.07177760452032089	-0.9924057126045227
0.2799999415874481	-0.7002081871032715	2.160719394683838	0.8562055230140686	0.654612123966217	1.0	3	0.0	0	0.0	0	0.9629641175270081	-0.25801974534988403	-0.07826942950487137	-0.250442236661911	-0.9634696245193481	0.09489405900239944	-0.09989476203918457	-0.07177760452032089	-0.9924057126045227
0.200284942984581	-0.9807853102684021	2.1049089431762695	0.8926916718482971	0.6656801104545593	1.0	3	0.0	0	0.0	0	0.9629641175270081	-0.25801974534988403	-0.07826942950487137	-0.250442236661911	-0.9634696245193481	0.09489405900239944	-0.09989476203918457	-0.07177760452032089	-0.9924057126045227
-0.20028504729270935	-1.0	2.299999237060547	0.5381390452384949	0.7545318007469177	1.0	3	0.0	0	0.0	0	-0.9629640579223633	-0.26833152770996094	-0.02642829716205597	0.05454425886273384	-0.28985339403152466	0.9555155634880066	-0.2640552818775177	0.9186856150627136	0.29375433921813965
-0.2800000309944153	-0.7002081871032715	2.160719394683838	0.5087764859199524	0.7216848731040955	1.0	3	0.0	0	0.0	0	-0.9629640579223633	-0.26833152770996094	-0.02642829716205597	0.054544247686862946	-0.28985336422920227	0.9555155634880066	-0.2640552818775177	0.9186856150627136	0.29375430941581726
-0.20028504729270935	-0.9807853102684021	2.1049089431762695	0.5125136375427246	0.7596290111541748	1.0	3	0.0	0	0.0	0	-0.9629640579223633	-0.26833152770996094	-0.02642829716205597	0.05454425513744354	-0.28985339403152466	0.9555155634880066	-0.2640552818775177	0.9186856150627136	0.29375433921813965
0.200284942984581	-0.9807853102684021	2.1049089431762695	0.8926916718482971	0.6656801104545593	1.0	3	0.0	0	0.0	0	0.9629641175270081	-0.26833152770996094	-0.02642848528921604	-0.2648155689239502	-0.9596556425094604	0.09451834112405777	-0.05072449892759323	-0.08401909470558167	-0.9951722621917725
0.2799999415874481	-0.7139260768890381	2.299999237060547	0.8598446249961853	0.6363174915313721	1.0	3	0.0	0	0.0	0	0.9629641175270081	-0.26833152770996094	-0.02642848528921604	-0.2648155689239502	-0.9596556425094604	0.09451834857463837	-0.05072449892759323	-0.08401910215616226	-0.9951722621917725
0.200284942984581	-1.0000001192092896	2.299999237060547	0.8977888822555542	0.6400547027587891	1.0	3	0.0	0	0.0	0	0.9629641175270081	-0.26833152770996094	-0.02642848528921604	-0.2648155689239502	-0.9596556425094604	0.09451834112405777	-0.05072449892759323	-0.08401909470558167	-0.9951722621917725
-0.20028504729270935	-1.0	2.299999237060547	0.5381390452384949	0.7545318007469177	1.0	3	0.0	0	0.0	0	-0.9629640579223633	-0.2683315575122833	0.02642839588224888	0.10654064267873764	-0.2886292338371277	0.9514946937561035	-0.24768804013729095	0.9190708994865417	0.3065278232097626
-0.2800000309944153	-0.7002081871032715	2.439279079437256	0.5443042516708374	0.7109075784683228	1.0	3	0.0	0	0.0	0	-0.9629640579223633	-0.2683315575122833	0.02642839588224888	0.10654065012931824	-0.2886292636394501	0.9514947533607483	-0.24768806993961334	0.9190709590911865	0.3065278232097626
-0.2800000309944153	-0.7139260768890381	2.299999237060547	0.5270710587501526	0.718045711517334	1.0	3	0.0	0	0.0	0	-0.9629640579223633	-0.2683315575122833	0.02642839588224888	0.10654065012931824	-0.2886292636394501	0.9514947533607483	-0.24768806993961334	0.9190709590911865	0.3065278232097626
0.200284942984581	-0.9807853102684021	2.495089530944824	0.8977888822555542	0.6139272451400757	1.0	3	0.0	0	0.0	0	0.9629640579223633	-0.2683315575122833	0.026428397744894028	-0.26962989568710327	-0.958327054977417	0.09438711404800415	7.450580596923828e-09	-0.09801728278398514	-0.9951847195625305
0.2799999415874481	-0.7139260768890381	2.299999237060547	0.8598446249961853	0.6363174915313721	1.0	3	0.0	0	0.0	0	0.9629640579223633	-0.2683315575122833	0.026428397744894028	-0.26962989568710327	-0.9583271145820618	0.09438712894916534	5.587936335871291e-09	-0.09801729768514633	-0.9951847791671753
0.2799999415874481	-0.7002081871032715	2.439279079437256	0.8598445653915405	0.6176644563674927	1.0	3	0.0	0	0.0	0	0.9629640579223633	-0.2683315575122833	0.026428397744894028	-0.26962989568710327	-0.9583271145820618	0.09438712894916534	5.587934559514451e-09	-0.09801728278398514	-0.9951846599578857
-0.20028504729270935	-0.9238795638084412	2.682682752609253	0.5840017795562744	0.7300176024436951	1.0	3	0.0	0	0.0	0	-0.9629641175270081	-0.25801965594291687	0.07826937735080719	0.1537114381790161	-0.28683724999427795	0.9455671310424805	-0.22152434289455414	0.9225780963897705	0.31587454676628113
-0.2800000309944153	-0.7002081871032715	2.439279079437256	0.5443042516708374	0.7109075784683228	1.0	3	0.0	0	0.0	0	-0.9629641175270081	-0.25801965594291687	0.07826937735080719	0.15371142327785492	-0.28683722019195557	0.9455670714378357	-0.22152432799339294	0.9225780367851257	0.31587451696395874
-0.20028504729270935	-0.9807853102684021	2.495089530944824	0.562277615070343	0.7445332407951355	1.0	3	0.0	0	0.0	0	-0.9629641175270081	-0.25801965594291687	0.07826937735080719	0.1537114381790161	-0.28683724999427795	0.9455671310424805	-0.22152434289455414	0.9225780963897705	0.31587454676628113
0.200284942984581	-0.9238795638084412	2.682682752609253	0.8926917314529419	0.5883018374443054	1.0	3	0.0	0	0.0	0	0.9629640579223633	-0.2580196261405945	0.07826942950487137	-0.2648155689239502	-0.95965576171875	0.09451767802238464	0.050724294036626816	-0.11174409091472626	-0.9924415946006775
0.2799999415874481	-0.7002081871032715	2.439279079437256	0.8598445653915405	0.6176644563674927	1.0	3	0.0	0	0.0	0	0.9629640579223633	-0.2580196261405945	0.07826942950487137	-0.2648155689239502	-0.95965576171875	0.09451768547296524	0.05072429031133652	-0.11174409836530685	-0.9924415946006775
0.2799999415874481	-0.6595815420150757	2.573207139968872	0.8562055230140686	0.5993697643280029	1.0	3	0.0	0	0.0	0	0.9629640579223633	-0.2580196261405945	0.07826942950487137	-0.2648155689239502	-0.9596558213233948	0.09451768547296524	0.050724297761917114	-0.11174409836530685	-0.9924416542053223
-0.20028504729270935	-0.9238795638084412	2.682682752609253	0.5840017795562744	0.7300176024436951	1.0	3	0.0	0	0.0	0	-0.9629641175270081	-0.2377922534942627	0.12710271775722504	0.1942194253206253	-0.28475528955459595	0.9387189149856567	-0.18702691793441772	0.9286384582519531	0.32039299607276917
-0.2800000011920929	-0.5936077833175659	2.6966354846954346	0.5730034112930298	0.6873547434806824	1.0	3	0.0	0	0.0	0	-0.9629641175270081	-0.2377922534942627	0.12710271775722504	0.1942194104194641	-0.28475528955459595	0.9387189149856567	-0.18702691793441772	0.9286384582519531	0.3203929662704468
-0.2800000309944153	-0.6595815420150757	2.573207139968872	0.5598136782646179	0.7005443572998047	1.0	3	0.0	0	0.0	0	-0.9629641175270081	-0.2377922534942627	0.12710271775722504	0.1942194402217865	-0.28475531935691833	0.9387189745903015	-0.18702690303325653	0.9286383986473083	0.3203929662704468
0.200284942984581	-0.8314696550369263	2.85556960105896	0.8826931715011597	0.5641632676124573	1.0	3	0.0	0	0.0	0	0.9629639983177185	-0.23779259622097015	0.12710241973400116	-0.2504427433013916	-0.9634694457054138	0.09489555656909943	0.09989383816719055	-0.12321288138628006	-0.9873398542404175
0.2799999415874481	-0.6595815420150757	2.573207139968872	0.8562055230140686	0.5993697643280029	1.0	3	0.0	0	0.0	0	0.9629639983177185	-0.23779259622097015	0.12710241973400116	-0.2504427433013916	-0.963469386100769	0.09489554911851883	0.09989383071660995	-0.12321287393569946	-0.9873397946357727
0.2799999713897705	-0.5936077833175659	2.6966354846954346	0.8490673303604126	0.5821365714073181	1.0	3	0.0	0	0.0	0	0.9629639983177185	-0.23779259622097015	0.12710241973400116	-0.2504427433013916	-0.963469386100769	0.09489554911851883	0.09989383071660995	-0.12321287393569946	-0.9873397946357727
-0.20028504729270935	-0.8314696550369263	2.85556960105896	0.6024766564369202	0.7115427255630493	1.0	3	0.0	0	0.0	0	-0.9629640579223633	-0.20842662453651428	0.17105130851268768	0.22674869000911713	-0.28273171186447144	0.9320128560066223	-0.14589466154575348	0.9362805485725403	0.3195209503173828
-0.2800000011920929	-0.5048220157623291	2.804821252822876	0.5833664536476135	0.6718451380729675	1.0	3	0.0	0	0.0	0	-0.9629640579223633	-0.20842662453651428	0.17105130851268768	0.22674867510795593	-0.28273171186447144	0.9320127964019775	-0.14589464664459229	0.9362804889678955	0.3195209503173828
-0.2800000011920929	-0.5936077833175659	2.6966354846954346	0.5730034112930298	0.6873547434806824	1.0	3	0.0	0	0.0	0	-0.9629640579223633	-0.20842662453651428	0.17105130851268768	0.22674866020679474	-0.28273168206214905	0.9320127367973328	-0.14589466154575348	0.9362804889678955	0.3195209503173828
0.200284942984581	-0.8314696550369263	2.85556960105896	0.8826931715011597	0.5641632676124573	1.0	3	0.0	0	0.0	0	0.9629640579223633	-0.20842675864696503	0.17105141282081604	-0.2267477810382843	-0.9692636132240295	0.09546536952257156	0.14589637517929077	-0.1307152360677719	-0.9806262850761414
0.2799999713897705	-0.5048219561576843	2.804821252822876	0.8387042284011841	0.5666271448135376	1.0	3	0.0	0	0.0	0	0.9629640579223633	-0.20842675864696503	0.17105141282081604	-0.22674775123596191	-0.96926349401474	0.09546533972024918	0.14589636027812958	-0.13071522116661072	-0.9806261658668518
0.2002849578857422	-0.7071068286895752	3.007106065750122	0.868177592754364	0.5424391031265259	1.0	3	0.0	0	0.0	0	0.9629640579223633	-0.20842675864696503	0.17105141282081604	-0.2267477661371231	-0.9692635536193848	0.09546535462141037	0.14589636027812958	-0.13071522116661072	-0.9806262254714966
-0.20028503239154816	-0.5555703639984131	3.1314687728881836	0.626990795135498	0.6656799912452698	1.0	3	0.0	0	0.0	0	-0.9629640579223633	-0.17105132341384888	0.20842674374580383	0.25044214725494385	-0.28103235363960266	0.9264445900917053	-0.09989491105079651	0.9443316459655762	0.313462495803833
-0.2800000011920929	-0.5048220157623291	2.804821252822876	0.5833664536476135	0.6718451380729675	1.0	3	0.0	0	0.0	0	-0.9629640579223633	-0.17105132341384888	0.20842674374580383	0.25044214725494385	-0.28103235363960266	0.9264445900917053	-0.09989491105079651	0.9443316459655762	0.313462495803833
-0.20028503239154816	-0.7071068286895752	3.007106065750122	0.6169922947883606	0.6898185610771179	1.0	3	0.0	0	0.0	0	-0.9629640579223633	-0.17105132341384888	0.20842674374580383	0.25044217705726624	-0.28103238344192505	0.9264446496963501	-0.09989491105079651	0.944331705570221	0.3134625256061554
0.2002849578857422	-0.5555703639984131	3.1314687728881836	0.8497027158737183	0.5239642262458801	1.0	3	0.0	0	0.0	0	0.9629640579223633	-0.17105135321617126	0.2084268480539322	-0.1942199021577835	-0.9762344360351562	0.09615152329206467	0.18702660501003265	-0.13307107985019684	-0.9733000993728638
0.2799999713897705	-0.5048219561576843	2.804821252822876	0.8387042284011841	0.5666271448135376	1.0	3	0.0	0	0.0	0	0.9629640579223633	-0.17105135321617126	0.2084268480539322	-0.1942199021577835	-0.9762343764305115	0.09615152329206467	0.18702659010887146	-0.13307107985019684	-0.9733000993728638
0.2799999713897705	-0.3966362476348877	2.8936069011688232	0.8255146145820618	0.5534374713897705	1.0	3	0.0	0	0.0	0	0.9629640579223633	-0.17105135321617126	0.2084268480539322	-0.1942199021577835	-0.9762344360351562	0.09615152329206467	0.18702660501003265	-0.13307107985019684	-0.9733000993728638
-0.20028503239154816	-0.5555703639984131	3.1314687728881836	0.626990795135498	0.6656799912452698	1.0	3	0.0	0	0.0	0	-0.9629640579223633	-0.1271025538444519	0.23779229819774628	0.26481562852859497	-0.27992165088653564	0.9227766394615173	-0.050724051892757416	0.9515717625617981	0.3032132089138031
-0.2800000011920929	-0.27320796251296997	2.959580659866333	0.5941436886787415	0.6363174319267273	1.0	3	0.0	0	0.0	0	-0.9629640579223633	-0.1271025538444519	0.23779229819774628	0.26481562852859497	-0.27992168068885803	0.9227766394615173	-0.05072404444217682	0.9515717625617981	0.3032132387161255
-0.2800000011920929	-0.3966362476348877	2.8936069011688232	0.5905046463012695	0.6546120643615723	1.0	3	0.0	0	0.0	0	-0.9629640579223633	-0.1271025538444519	0.23779229819774628	0.26481562852859497	-0.27992168068885803	0.9227766394615173	-0.05072404444217682	0.9515717625617981	0.3032132387161255
0.2002849578857422	-0.5555703639984131	3.1314687728881836	0.8497027158737183	0.5239642262458801	1.0	3	0.0	0	0.0	0	0.9629640579223633	-0.12710262835025787	0.23779240250587463	-0.15371108055114746	-0.9833577275276184	0.09685295820236206	0.2215247005224228	-0.12981723248958588	-0.9664751291275024
0.2799999713897705	-0.27320802211761475	2.959580659866333	0.8100051879882812	0.5430744290351868	1.0	3	0.0	0	0.0	0	0.9629640579223633	-0.12710262835025787	0.23779240250587463	-0.15371108055114746	-0.9833577275276184	0.09685296565294266	0.2215247005224228	-0.12981723248958588	-0.9664751291275024
0.20028497278690338	-0.38268351554870605	3.2238786220550537	0.8279785513877869	0.5094485878944397	1.0	3	0.0	0	0.0	0	0.9629640579223633	-0.12710262835025787	0.23779240250587463	-0.15371108055114746	-0.9833577871322632	0.09685298055410385	0.22152471542358398	-0.12981724739074707	-0.9664751887321472
-0.20028501749038696	-0.1950904130935669	3.2807843685150146	0.6320880055427551	0.6139271259307861	1.0	3	0.0	0	0.0	0	-0.9629641175270081	-0.07826942950487137	0.25801968574523926	0.2696298658847809	-0.2795339822769165	0.9214990735054016	6.705522537231445e-08	0.956940233707428	0.2902849316596985
-0.2800000011920929	-0.27320796251296997	2.959580659866333	0.5941436886787415	0.6363174319267273	1.0	3	0.0	0	0.0	0	-0.9629641175270081	-0.07826942950487137	0.25801968574523926	0.2696298658847809	-0.2795339822769165	0.9214990735054016	6.705522537231445e-08	0.956940233707428	0.2902849316596985
-0.20028501749038696	-0.38268351554870605	3.2238786220550537	0.6320880055427551	0.6400545835494995	1.0	3	0.0	0	0.0	0	-0.9629641175270081	-0.07826942950487137	0.25801968574523926	0.2696298658847809	-0.2795340120792389	0.9214991331100464	6.705523247774181e-08	0.9569402933120728	0.2902849614620209
0.20028497278690338	-0.38268351554870605	3.2238786220550537	0.8279785513877869	0.5094485878944397	1.0	3	0.0	0	0.0	0	0.9629639983177185	-0.07826945185661316	0.2580198049545288	-0.10654164105653763	-0.9895203709602356	0.09745976328849792	0.2476877123117447	-0.12134009599685669	-0.9612114429473877
0.2799999713897705	-0.13927984237670898	3.0002074241638184	0.7927719354629517	0.535936176776886	1.0	3	0.0	0	0.0	0	0.9629639983177185	-0.07826945185661316	0.2580198049545288	-0.10654163360595703	-0.9895203113555908	0.09745974838733673	0.2476877123117447	-0.1213400810956955	-0.9612113833427429
0.20028497278690338	-0.1950904130935669	3.2807843685150146	0.8038399815559387	0.49945002794265747	1.0	3	0.0	0	0.0	0	0.9629639983177185	-0.07826945185661316	0.2580198049545288	-0.10654163360595703	-0.9895203113555908	0.09745974093675613	0.24768772721290588	-0.1213400810956955	-0.9612113833427429
-0.20028500258922577	-1.1920928955078125e-07	3.299999237060547	0.626990795135498	0.5883017778396606	1.0	3	0.0	0	0.0	0	-0.9629639983177185	-0.026428498327732086	0.2683316469192505	0.26481568813323975	-0.27992305159568787	0.9227760434150696	0.05072462558746338	0.9596585631370544	0.27655449509620667
-0.2800000011920929	-0.13927984237670898	3.0002074241638184	0.5941436886787415	0.6176643371582031	1.0	3	0.0	0	0.0	0	-0.9629639983177185	-0.026428498327732086	0.2683316469192505	0.26481571793556213	-0.27992308139801025	0.9227761626243591	0.05072464048862457	0.959658682346344	0.27655452489852905
-0.20028501749038696	-0.1950904130935669	3.2807843685150146	0.6320880055427551	0.6139271259307861	1.0	3	0.0	0	0.0	0	-0.9629639983177185	-0.026428498327732086	0.2683316469192505	0.26481571793556213	-0.27992308139801025	0.9227761626243591	0.05072464048862457	0.959658682346344	0.27655452489852905
0.20028498768806458	-1.1920928955078125e-07	3.299999237060547	0.7782145738601685	0.4943528175354004	1.0	3	0.0	0	0.0	0	0.9629639983177185	-0.02642841823399067	0.2683315575122833	-0.05454426631331444	-0.9937031865119934	0.0978720486164093	0.2640553116798401	-0.10888320952653885	-0.9583419561386108
0.2799999713897705	-0.13927984237670898	3.0002074241638184	0.7927719354629517	0.535936176776886	1.0	3	0.0	0	0.0	0	0.9629639983177185	-0.02642841823399067	0.2683315575122833	-0.054544270038604736	-0.9937032461166382	0.0978720635175705	0.2640553116798401	-0.10888320207595825	-0.9583418965339661
0.2799999713897705	-1.1920928955078125e-07	3.013925313949585	0.7744773626327515	0.5322971343994141	1.0	3	0.0	0	0.0	0	0.9629639983177185	-0.02642841823399067	0.2683315575122833	-0.054544270038604736	-0.9937031865119934	0.0978720635175705	0.2640553116798401	-0.10888321697711945	-0.9583419561386108
-0.20028500258922577	-1.1920928955078125e-07	3.299999237060547	0.626990795135498	0.5883017778396606	1.0	3	0.0	0	0.0	0	-0.9629640579223633	0.02642860636115074	0.2683316171169281	0.250442236661911	-0.28103435039520264	0.9264439940452576	0.09989501535892487	0.9593337178230286	0.2640071213245392
-0.2799999713897705	0.13927972316741943	3.0002074241638184	0.5833664536476135	0.5821366310119629	1.0	3	0.0	0	0.0	0	-0.9629640579223633	0.02642860636115074	0.2683316171169281	0.2504422068595886	-0.28103435039520264	0.9264439344406128	0.09989502280950546	0.9593337774276733	0.2640071511268616
-0.2800000011920929	-1.1920928955078125e-07	3.013925313949585	0.5905046463012695	0.5993697047233582	1.0	3	0.0	0	0.0	0	-0.9629640579223633	0.02642860636115074	0.2683316171169281	0.250442236661911	-0.281034380197525	0.9264439940452576	0.09989501535892487	0.9593337178230286	0.2640071511268616
0.20028498768806458	-1.1920928955078125e-07	3.299999237060547	0.7782145738601685	0.4943528175354004	1.0	3	0.0	0	0.0	0	0.9629640579223633	0.02642848528921604	0.2683316767215729	-7.53857563040583e-08	-0.9951846599578857	0.0980178564786911	0.2696300446987152	-0.09438769519329071	-0.958327054977417
0.2800000011920929	0.13927972316741943	3.0002074241638184	0.7558243274688721	0.5322971343994141	1.0	3	0.0	0	0.0	0	0.9629640579223633	0.02642848528921604	0.2683316767215729	-7.538576340948566e-08	-0.9951846599578857	0.0980178564786911	0.2696300446987152	-0.09438769519329071	-0.958327054977417
0.20028500258922577	0.19509029388427734	3.2807843685150146	0.7520871162414551	0.4943528175354004	1.0	3	0.0	0	0.0	0	0.9629640579223633	0.02642848528921604	0.2683316767215729	-7.35920977490423e-08	-0.9951847195625305	0.0980178639292717	0.2696300446987152	-0.09438768774271011	-0.9583269953727722
-0.20028498768806458	0.38268327713012695	3.2238786220550537	0.6024765968322754	0.5424389839172363	1.0	3	0.0	0	0.0	0	-0.9629639983177185	0.07826950401067734	0.2580197751522064	0.22674737870693207	-0.28272512555122375	0.932015061378479	0.1458970457315445	0.9560023546218872	0.2545067369937897
-0.2799999713897705	0.13927972316741943	3.0002074241638184	0.5833664536476135	0.5821366310119629	1.0	3	0.0	0	0.0	0	-0.9629639983177185	0.07826950401067734	0.2580197751522064	0.22674737870693207	-0.28272512555122375	0.932015061378479	0.1458970457315445	0.9560023546218872	0.2545067369937897
-0.20028498768806458	0.19509029388427734	3.2807843685150146	0.6169922351837158	0.5641631484031677	1.0	3	0.0	0	0.0	0	-0.9629639983177185	0.07826950401067734	0.2580197751522064	0.22674737870693207	-0.28272512555122375	0.932015061378479	0.1458970457315445	0.9560023546218872	0.2545067369937897
0.20028500258922577	0.19509029388427734	3.2807843685150146	0.7520871162414551	0.4943528175354004	1.0	3	0.0	0	0.0	0	0.9629640579223633	0.07826948165893555	0.2580197751522064	0.054543670266866684	-0.9937031865119934	0.09787251055240631	0.264055460691452	-0.08017435669898987	-0.9611694812774658
0.2800000011920929	0.2732079029083252	2.959580659866333	0.7375296354293823	0.535936176776886	1.0	3	0.0	0	0.0	0	0.9629640579223633	0.07826948165893555	0.2580197751522064	0.054543666541576385	-0.9937031269073486	0.09787249565124512	0.264055460691452	-0.08017433434724808	-0.961169421672821
0.20028500258922577	0.38268327713012695	3.2238786220550537	0.7264617085456848	0.4994499981403351	1.0	3	0.0	0	0.0	0	0.9629640579223633	0.07826948165893555	0.2580197751522064	0.054543666541576385	-0.9937031865119934	0.09787250310182571	0.264055460691452	-0.08017435669898987	-0.9611694812774658
-0.20028497278690338	0.555570125579834	3.1314687728881836	0.5840017199516296	0.5239641070365906	1.0	3	0.0	0	0.0	0	-0.9629639983177185	0.12710264325141907	0.23779241740703583	0.194219172000885	-0.2847605347633362	0.9387174248695374	0.18702736496925354	0.9501349329948425	0.24952837824821472
-0.2799999713897705	0.2732079029083252	2.959580659866333	0.573003351688385	0.5666272044181824	1.0	3	0.0	0	0.0	0	-0.9629639983177185	0.12710264325141907	0.23779241740703583	0.194219172000885	-0.28476056456565857	0.9387174248695374	0.18702736496925354	0.9501349329948425	0.2495284080505371
-0.20028498768806458	0.38268327713012695	3.2238786220550537	0.6024765968322754	0.5424389839172363	1.0	3	0.0	0	0.0	0	-0.9629639983177185	0.12710264325141907	0.23779241740703583	0.194219172000885	-0.28476056456565857	0.9387174248695374	0.18702736496925354	0.9501349329948425	0.2495284080505371
0.20028501749038696	0.555570125579834	3.1314687728881836	0.7023231387138367	0.5094485282897949	1.0	3	0.0	0	0.0	0	0.9629640579223633	0.12710265815258026	0.23779235780239105	0.10654126852750778	-0.9895203709602356	0.0974600613117218	0.24768778681755066	-0.0685158297419548	-0.9664141535758972
0.2800000011920929	0.2732079029083252	2.959580659866333	0.7375296354293823	0.535936176776886	1.0	3	0.0	0	0.0	0	0.9629640579223633	0.12710265815258026	0.23779235780239105	0.10654126852750778	-0.9895203709602356	0.0974600613117218	0.24768778681755066	-0.0685158297419548	-0.9664141535758972
0.2800000011920929	0.39663612842559814	2.8936069011688232	0.7202964425086975	0.543074369430542	1.0	3	0.0	0	0.0	0	0.9629640579223633	0.12710265815258026	0.23779235780239105	0.10654127597808838	-0.9895203709602356	0.0974600538611412	0.24768778681755066	-0.0685158222913742	-0.9664141535758972
-0.20028497278690338	0.555570125579834	3.1314687728881836	0.5840017199516296	0.5239641070365906	1.0	3	0.0	0	0.0	0	-0.9629639983177185	0.17105142772197723	0.2084268182516098	0.15371036529541016	-0.2868378162384033	0.9455671906471252	0.22152531147003174	0.9425845146179199	0.24992211163043976
-0.2799999713897705	0.50482177734375	2.804821252822876	0.5443041920661926	0.543074369430542	1.0	3	0.0	0	0.0	0	-0.9629639983177185	0.17105142772197723	0.2084268182516098	0.15371036529541016	-0.28683778643608093	0.9455671310424805	0.22152528166770935	0.9425844550132751	0.24992206692695618
-0.2799999713897705	0.39663612842559814	2.8936069011688232	0.5598136186599731	0.553437352180481	1.0	3	0.0	0	0.0	0	-0.9629639983177185	0.17105142772197723	0.2084268182516098	0.15371036529541016	-0.28683778643608093	0.9455671906471252	0.22152531147003174	0.9425845146179199	0.24992208182811737
0.20028501749038696	0.555570125579834	3.1314687728881836	0.7023231387138367	0.5094485282897949	1.0	3	0.0	0	0.0	0	0.9629641175270081	0.1710512489080429	0.208426833152771	0.15371088683605194	-0.983357846736908	0.09685181826353073	0.22152477502822876	-0.06122734770178795	-0.97323077917099
0.2800000011920929	0.50482177734375	2.804821252822876	0.7047870755195618	0.5534374713897705	1.0	3	0.0	0	0.0	0	0.9629641175270081	0.1710512489080429	0.208426833152771	0.15371090173721313	-0.9833579063415527	0.09685182571411133	0.22152476012706757	-0.06122734770178795	-0.9732307195663452
0.20028501749038696	0.7071067094802856	3.007106065750122	0.6805989742279053	0.5239641666412354	1.0	3	0.0	0	0.0	0	0.9629641175270081	0.1710512489080429	0.208426833152771	0.15371088683605194	-0.983357846736908	0.09685181826353073	0.22152477502822876	-0.06122734770178795	-0.97323077917099
-0.20028497278690338	0.7071067094802856	3.007106065750122	0.5622775554656982	0.5094485282897949	1.0	3	0.0	0	0.0	0	-0.9629641175270081	0.2084266096353531	0.1710515171289444	0.10654266923666	-0.2886285185813904	0.9514947533607483	0.24768716096878052	0.9344795942306519	0.25573256611824036
-0.2799999713897705	0.5936076641082764	2.6966354846954346	0.5270710587501526	0.5359360575675964	1.0	3	0.0	0	0.0	0	-0.9629641175270081	0.2084266096353531	0.1710515171289444	0.10654266923666	-0.28862854838371277	0.9514947533607483	0.24768714606761932	0.9344794750213623	0.25573256611824036
-0.2799999713897705	0.50482177734375	2.804821252822876	0.5443041920661926	0.543074369430542	1.0	3	0.0	0	0.0	0	-0.9629641175270081	0.2084266096353531	0.1710515171289444	0.1065426617860794	-0.28862854838371277	0.9514947533607483	0.24768714606761932	0.9344794750213623	0.25573256611824036
0.20028501749038696	0.7071067094802856	3.007106065750122	0.6805989742279053	0.5239641666412354	1.0	3	0.0	0	0.0	0	0.9629641175270081	0.20842669904232025	0.17105144262313843	0.1942196637392044	-0.976234495639801	0.09615091979503632	0.187026709318161	-0.059368327260017395	-0.980559229850769
0.2800000011920929	0.5936076641082764	2.6966354846954346	0.6915973424911499	0.5666271448135376	1.0	3	0.0	0	0.0	0	0.9629641175270081	0.20842669904232025	0.17105144262313843	0.1942196637392044	-0.976234495639801	0.09615091979503632	0.187026709318161	-0.059368327260017395	-0.980559229850769
0.20028501749038696	0.8314695358276367	2.85556960105896	0.6621240973472595	0.5424390435218811	1.0	3	0.0	0	0.0	0	0.9629641175270081	0.20842669904232025	0.17105144262313843	0.1942196637392044	-0.976234495639801	0.09615091234445572	0.187026709318161	-0.0593683198094368	-0.980559229850769
-0.2002849578857422	0.9238793849945068	2.682682752609253	0.5125135779380798	0.494352787733078	1.0	3	0.0	0	0.0	0	-0.9629641175270081	0.23779244720935822	0.12710247933864594	0.054543666541576385	-0.28985291719436646	0.9555158019065857	0.26405543088912964	0.9270599484443665	0.2661478519439697
-0.2799999713897705	0.5936076641082764	2.6966354846954346	0.5270710587501526	0.5359360575675964	1.0	3	0.0	0	0.0	0	-0.9629641175270081	0.23779244720935822	0.12710247933864594	0.05454366281628609	-0.28985288739204407	0.9555157423019409	0.26405540108680725	0.9270598888397217	0.26614782214164734
-0.20028497278690338	0.8314695358276367	2.85556960105896	0.5381389856338501	0.4994499683380127	1.0	3	0.0	0	0.0	0	-0.9629641175270081	0.23779244720935822	0.12710247933864594	0.05454365909099579	-0.28985288739204407	0.9555156826972961	0.26405543088912964	0.9270599484443665	0.2661478519439697
0.20028503239154816	0.9238793849945068	2.682682752609253	0.6476084589958191	0.5641631484031677	1.0	3	0.0	0	0.0	0	0.9629640579223633	0.23779234290122986	0.12710252404212952	0.22674725949764252	-0.9692635536193848	0.09546620398759842	0.14589697122573853	-0.06311037391424179	-0.9872847199440002
0.2800000011920929	0.5936076641082764	2.6966354846954346	0.6915973424911499	0.5666271448135376	1.0	3	0.0	0	0.0	0	0.9629640579223633	0.23779234290122986	0.12710252404212952	0.2267472743988037	-0.9692636132240295	0.09546621143817902	0.14589698612689972	-0.06311038136482239	-0.987284779548645
0.2800000011920929	0.6595814228057861	2.573207139968872	0.6812343001365662	0.5821365118026733	1.0	3	0.0	0	0.0	0	0.9629640579223633	0.23779234290122986	0.12710252404212952	0.2267472743988037	-0.9692636132240295	0.09546621888875961	0.14589698612689972	-0.06311038881540298	-0.987284779548645
-0.2002849578857422	0.9807851314544678	2.495089530944824	0.48638615012168884	0.494352787733078	1.0	3	0.0	0	0.0	0	-0.9629639983177185	0.2580198049545288	0.07826941460371017	2.17794120516146e-08	-0.29028448462486267	0.9569403529167175	0.26962995529174805	0.9214991331100464	0.2795335054397583
-0.2799999713897705	0.6595814228057861	2.573207139968872	0.5087764263153076	0.5322970747947693	1.0	3	0.0	0	0.0	0	-0.9629639983177185	0.2580198049545288	0.07826941460371017	1.4604765397052688e-08	-0.29028451442718506	0.9569404125213623	0.26962998509407043	0.9214991927146912	0.2795335352420807
-0.2002849578857422	0.9238793849945068	2.682682752609253	0.5125135779380798	0.494352787733078	1.0	3	0.0	0	0.0	0	-0.9629639983177185	0.2580198049545288	0.07826941460371017	1.4604765397052688e-08	-0.29028451442718506	0.9569404125213623	0.26962998509407043	0.9214991927146912	0.2795335352420807
0.20028503239154816	0.9238793849945068	2.682682752609253	0.6476084589958191	0.5641631484031677	1.0	3	0.0	0	0.0	0	0.9629640579223633	0.2580195367336273	0.07826931774616241	0.25044211745262146	-0.9634697437286377	0.09489361196756363	0.09989453852176666	-0.07177720963954926	-0.9924057722091675
