1663	596	6
-0.20028500258922577	0.9999998807907104	1.2999993562698364	0.3719089925289154	0.6656800508499146	1.0	3	0.0	0	0.0	0	-0.9629639983177185	-0.026428423821926117	-0.2683316171169281	-0.2504425346851349	-0.28103190660476685	0.9264445900917053	-0.099894218146801	0.9593344330787659	0.26400479674339294
-0.2800000011920929	0.860720157623291	1.599791169166565	0.41553330421447754	0.6718453168869019	1.0	3	0.0	0	0.0	0	-0.9629639983177185	-0.026428423821926117	-0.2683316171169281	-0.2504425346851349	-0.28103190660476685	0.9264446496963501	-0.099894218146801	0.9593344926834106	0.26400479674339294
-0.2800000011920929	0.9999998807907104	1.5860732793807983	0.40839508175849915	0.6546121835708618	1.0	3	0.0	0	0.0	0	-0.9629639983177185	-0.026428423821926117	-0.2683316171169281	-0.2504425346851349	-0.28103187680244446	0.9264445900917053	-0.0998942106962204	0.9593344330787659	0.26400479674339294
0.20028498768806458	0.9999998807907104	1.2999993562698364	0.7520869970321655	0.7596290707588196	1.0	3	0.0	0	0.0	0	0.9629639983177185	-0.026428457349538803	-0.2683315575122833	-6.356998483170173e-08	-0.9951847195625305	0.09801730513572693	-0.26962992548942566	-0.09438712149858475	-0.958327054977417
0.2799999713897705	0.860720157623291	1.599791169166565	0.7744772434234619	0.7216847538948059	1.0	3	0.0	0	0.0	0	0.9629639983177185	-0.026428457349538803	-0.2683315575122833	-6.536365759757246e-08	-0.9951847791671753	0.09801731258630753	-0.26962992548942566	-0.09438712894916534	-0.9583271145820618
0.20028497278690338	0.8049095869064331	1.319214105606079	0.7782144546508789	0.7596290707588196	1.0	3	0.0	0	0.0	0	0.9629639983177185	-0.026428457349538803	-0.2683315575122833	-6.356998483170173e-08	-0.9951847195625305	0.09801730513572693	-0.26962992548942566	-0.09438712149858475	-0.958327054977417
-0.20028501749038696	0.617316484451294	1.37611985206604	0.3964231610298157	0.7115427851676941	1.0	3	0.0	0	0.0	0	-0.9629641175270081	-0.07826942950487137	-0.25801968574523926	-0.22674782574176788	-0.282721608877182	0.9320160150527954	-0.1458960920572281	0.9560033082962036	0.2545033097267151
-0.2800000011920929	0.860720157623291	1.599791169166565	0.41553330421447754	0.6718453168869019	1.0	3	0.0	0	0.0	0	-0.9629641175270081	-0.07826942950487137	-0.25801968574523926	-0.22674785554409027	-0.2827216386795044	0.932016134262085	-0.1458960920572281	0.9560034275054932	0.2545033395290375
-0.20028501749038696	0.8049095869064331	1.319214105606079	0.38190752267837524	0.6898186206817627	1.0	3	0.0	0	0.0	0	-0.9629641175270081	-0.07826942950487137	-0.25801968574523926	-0.22674785554409027	-0.2827216386795044	0.932016134262085	-0.1458960920572281	0.9560034275054932	0.2545033395290375
0.20028497278690338	0.617316484451294	1.37611985206604	0.8038398623466492	0.7545318603515625	1.0	3	0.0	0	0.0	0	0.9629641175270081	-0.0782695934176445	-0.2580195665359497	-0.05454469844698906	-0.9937034845352173	0.09786925464868546	-0.26405513286590576	-0.08017098158597946	-0.961169958114624
0.2799999713897705	0.860720157623291	1.599791169166565	0.7744772434234619	0.7216847538948059	1.0	3	0.0	0	0.0	0	0.9629641175270081	-0.0782695934176445	-0.2580195665359497	-0.05454469472169876	-0.9937034249305725	0.09786924719810486	-0.2640551030635834	-0.08017097413539886	-0.9611698985099792
0.2799999713897705	0.72679203748703	1.6404179334640503	0.7927719354629517	0.7180456519126892	1.0	3	0.0	0	0.0	0	0.9629641175270081	-0.0782695934176445	-0.2580195665359497	-0.05454469844698906	-0.9937034845352173	0.09786925464868546	-0.26405513286590576	-0.08017098158597946	-0.961169958114624
-0.20028503239154816	0.4444296658039093	1.4685298204421997	0.4148980379104614	0.7300176620483398	1.0	3	0.0	0	0.0	0	-0.9629640579223633	-0.12710259854793549	-0.23779231309890747	-0.19421957433223724	-0.28475794196128845	0.9387180805206299	-0.1870267540216446	0.9501357078552246	0.24952585995197296
-0.2800000011920929	0.7267919778823853	1.6404179334640503	0.42589643597602844	0.6873546838760376	1.0	3	0.0	0	0.0	0	-0.9629640579223633	-0.12710259854793549	-0.23779231309890747	-0.19421958923339844	-0.28475797176361084	0.9387181401252747	-0.1870267540216446	0.9501356482505798	0.24952585995197296
-0.20028501749038696	0.617316484451294	1.37611985206604	0.3964231610298157	0.7115427851676941	1.0	3	0.0	0	0.0	0	-0.9629640579223633	-0.12710259854793549	-0.23779231309890747	-0.19421957433223724	-0.28475794196128845	0.9387180805206299	-0.1870267689228058	0.9501357078552246	0.24952585995197296
0.2002849578857422	0.4444296658039093	1.4685298204421997	0.8279784321784973	0.7445333003997803	1.0	3	0.0	0	0.0	0	0.9629640579223633	-0.12710262835025787	-0.23779243230819702	-0.1065412387251854	-0.9895203709602356	0.09746000170707703	-0.24768784642219543	-0.06851577013731003	-0.9664141535758972
0.2799999713897705	0.72679203748703	1.6404179334640503	0.7927719354629517	0.7180456519126892	1.0	3	0.0	0	0.0	0	0.9629640579223633	-0.12710262835025787	-0.23779243230819702	-0.1065412387251854	-0.9895203113555908	0.09745998680591583	-0.24768783152103424	-0.06851576268672943	-0.9664140939712524
0.2799999713897705	0.6033637523651123	1.70639169216156	0.8100051283836365	0.7109074592590332	1.0	3	0.0	0	0.0	0	0.9629640579223633	-0.12710262835025787	-0.23779243230819702	-0.10654125362634659	-0.9895204305648804	0.09746001660823822	-0.24768783152103424	-0.06851577013731003	-0.9664140939712524
-0.20028503239154816	0.4444296658039093	1.4685298204421997	0.4148980379104614	0.7300176620483398	1.0	3	0.0	0	0.0	0	-0.9629640579223633	-0.1710512787103653	-0.20842672884464264	-0.15371103584766388	-0.286834716796875	0.9455679655075073	-0.22152464091777802	0.9425854682922363	0.24991905689239502
-0.2800000011920929	0.4951780438423157	1.7951773405075073	0.45459556579589844	0.710907518863678	1.0	3	0.0	0	0.0	0	-0.9629640579223633	-0.1710512787103653	-0.20842672884464264	-0.15371103584766388	-0.286834716796875	0.9455679655075073	-0.22152464091777802	0.9425854682922363	0.24991905689239502
-0.2800000011920929	0.6033637523651123	1.70639169216156	0.43908607959747314	0.7005444765090942	1.0	3	0.0	0	0.0	0	-0.9629640579223633	-0.1710512787103653	-0.20842672884464264	-0.15371103584766388	-0.2868347465991974	0.9455679655075073	-0.22152464091777802	0.9425854682922363	0.2499190866947174
0.2002849578857422	0.2928931415081024	1.5928925275802612	0.8497025966644287	0.7300177216529846	1.0	3	0.0	0	0.0	0	0.9629639983177185	-0.17105139791965485	-0.20842672884464264	-0.15371064841747284	-0.9833577275276184	0.09685371071100235	-0.22152499854564667	-0.06122922897338867	-0.9732305407524109
0.2799999713897705	0.6033637523651123	1.70639169216156	0.8100051283836365	0.7109074592590332	1.0	3	0.0	0	0.0	0	0.9629639983177185	-0.17105139791965485	-0.20842672884464264	-0.15371063351631165	-0.9833576679229736	0.09685369580984116	-0.22152498364448547	-0.061229221522808075	-0.9732304811477661
0.2799999713897705	0.4951779842376709	1.7951774597167969	0.825514554977417	0.7005444169044495	1.0	3	0.0	0	0.0	0	0.9629639983177185	-0.17105139791965485	-0.20842672884464264	-0.15371064841747284	-0.9833577871322632	0.09685371816158295	-0.22152501344680786	-0.06122923269867897	-0.9732306003570557
-0.20028504729270935	0.16853035986423492	1.744429111480713	0.46076083183288574	0.7545318007469177	1.0	3	0.0	0	0.0	0	-0.9629640579223633	-0.20842663943767548	-0.17105135321617126	-0.10654132068157196	-0.28863295912742615	0.9514935612678528	-0.2476876676082611	0.9344781637191772	0.2557371258735657
-0.2800000011920929	0.4951780438423157	1.7951773405075073	0.45459556579589844	0.710907518863678	1.0	3	0.0	0	0.0	0	-0.9629640579223633	-0.20842663943767548	-0.17105135321617126	-0.10654132813215256	-0.28863292932510376	0.9514935612678528	-0.24768765270709991	0.9344781637191772	0.2557370960712433
-0.20028503239154816	0.2928931415081024	1.5928925275802612	0.4366222023963928	0.7445333003997803	1.0	3	0.0	0	0.0	0	-0.9629640579223633	-0.20842663943767548	-0.17105135321617126	-0.10654134303331375	-0.28863292932510376	0.9514936208724976	-0.2476876676082611	0.934478223323822	0.2557370960712433
0.2002849578857422	0.2928931415081024	1.5928925275802612	0.8497025966644287	0.7300177216529846	1.0	3	0.0	0	0.0	0	0.9629639983177185	-0.20842692255973816	-0.17105136811733246	-0.19421976804733276	-0.9762343168258667	0.09615156054496765	-0.18702681362628937	-0.05936894193291664	-0.980559229850769
0.2799999713897705	0.40639224648475647	1.9033631086349487	0.8387042284011841	0.6873547434806824	1.0	3	0.0	0	0.0	0	0.9629639983177185	-0.20842692255973816	-0.17105136811733246	-0.19421978294849396	-0.9762343764305115	0.09615156799554825	-0.18702679872512817	-0.05936893820762634	-0.9805591702461243
0.200284942984581	0.16853033006191254	1.744429111480713	0.8681775331497192	0.7115428447723389	1.0	3	0.0	0	0.0	0	0.9629639983177185	-0.20842692255973816	-0.17105136811733246	-0.19421976804733276	-0.9762343168258667	0.09615156054496765	-0.18702681362628937	-0.05936894193291664	-0.980559229850769
-0.20028504729270935	0.16853035986423492	1.744429111480713	0.46076083183288574	0.7545318007469177	1.0	3	0.0	0	0.0	0	-0.9629640579223633	-0.23779210448265076	-0.1271028071641922	-0.05454286187887192	-0.28985723853111267	0.9555144906044006	-0.26405543088912964	0.9270585775375366	0.2661522328853607
-0.2800000309944153	0.3404184579849243	2.0267913341522217	0.49012333154678345	0.7216846942901611	1.0	3	0.0	0	0.0	0	-0.9629640579223633	-0.23779210448265076	-0.1271028071641922	-0.05454285442829132	-0.28985723853111267	0.9555144309997559	-0.264055460691452	0.9270586371421814	0.2661522626876831
-0.2800000011920929	0.40639224648475647	1.9033631086349487	0.47182872891426086	0.7180457711219788	1.0	3	0.0	0	0.0	0	-0.9629640579223633	-0.23779210448265076	-0.1271028071641922	-0.05454285442829132	-0.28985723853111267	0.9555144309997559	-0.264055460691452	0.9270586371421814	0.2661522626876831
0.200284942984581	0.16853033006191254	1.744429111480713	0.8681775331497192	0.7115428447723389	1.0	3	0.0	0	0.0	0	0.9629641175270081	-0.23779234290122986	-0.12710268795490265	-0.22674749791622162	-0.9692637324333191	0.09546451270580292	-0.14589673280715942	-0.06310868263244629	-0.9872848987579346
0.2799999415874481	0.3404184579849243	2.0267913341522217	0.8490672707557678	0.6718453168869019	1.0	3	0.0	0	0.0	0	0.9629641175270081	-0.23779234290122986	-0.12710268795490265	-0.22674748301506042	-0.9692636728286743	0.09546451270580292	-0.14589674770832062	-0.06310869008302689	-0.9872848987579346
0.200284942984581	0.07612042874097824	1.9173158407211304	0.8826931118965149	0.6898186802864075	1.0	3	0.0	0	0.0	0	0.9629641175270081	-0.23779234290122986	-0.12710268795490265	-0.22674749791622162	-0.9692637324333191	0.09546452015638351	-0.14589674770832062	-0.06310868263244629	-0.9872848987579346
-0.20028504729270935	0.07612044364213943	1.9173158407211304	0.4863862097263336	0.7596290111541748	1.0	3	0.0	0	0.0	0	-0.9629640579223633	-0.2580196261405945	-0.07826942205429077	-2.696563342396985e-06	-0.29027554392814636	0.956943154335022	-0.2696297764778137	0.9215019941329956	0.27952420711517334
-0.2800000309944153	0.2997918128967285	2.160719394683838	0.5087764859199524	0.7216848731040955	1.0	3	0.0	0	0.0	0	-0.9629640579223633	-0.2580196261405945	-0.07826942205429077	-2.689388793442049e-06	-0.29027554392814636	0.956943154335022	-0.2696298062801361	0.9215021133422852	0.2795242369174957
-0.2800000309944153	0.3404184579849243	2.0267913341522217	0.49012333154678345	0.7216846942901611	1.0	3	0.0	0	0.0	0	-0.9629640579223633	-0.2580196261405945	-0.07826942205429077	-2.696563342396985e-06	-0.29027554392814636	0.956943154335022	-0.2696297764778137	0.9215019941329956	0.27952420711517334
0.200284942984581	0.07612042874097824	1.9173158407211304	0.8826931118965149	0.6898186802864075	1.0	3	0.0	0	0.0	0	0.9629641175270081	-0.25801974534988403	-0.07826942950487137	-0.2504422664642334	-0.9634696841239929	0.09489408135414124	-0.09989476203918457	-0.07177761197090149	-0.9924057126045227
0.2799999415874481	0.2997918128967285	2.160719394683838	0.8562055230140686	0.654612123966217	1.0	3	0.0	0	0.0	0	0.9629641175270081	-0.25801974534988403	-0.07826942950487137	-0.250442236661911	-0.9634696245193481	0.09489406645298004	-0.09989476203918457	-0.07177761197090149	-0.9924057126045227
0.200284942984581	0.019214682281017303	2.1049089431762695	0.8926916718482971	0.6656801104545593	1.0	3	0.0	0	0.0	0	0.9629641175270081	-0.25801974534988403	-0.07826942950487137	-0.250442236661911	-0.9634696245193481	0.09489406645298004	-0.09989476203918457	-0.07177761197090149	-0.9924057126045227
-0.20028504729270935	0.019214699044823647	2.1049089431762695	0.5125136375427246	0.7596290111541748	1.0	3	0.0	0	0.0	0	-0.9629640579223633	-0.26833149790763855	-0.026428446173667908	0.054546210914850235	-0.28986072540283203	0.9555132389068604	-0.2640548646450043	0.9186832904815674	0.2937619090080261
-0.2800000309944153	0.2860738933086395	2.299999237060547	0.5270710587501526	0.718045711517334	1.0	3	0.0	0	0.0	0	-0.9629640579223633	-0.26833149790763855	-0.026428446173667908	0.05454620346426964	-0.28986069560050964	0.9555131793022156	-0.26405489444732666	0.9186833500862122	0.2937619090080261
-0.2800000309944153	0.2997918128967285	2.160719394683838	0.5087764859199524	0.7216848731040955	1.0	3	0.0	0	0.0	0	-0.9629640579223633	-0.26833149790763855	-0.026428446173667908	0.054546210914850235	-0.28986072540283203	0.9555131793022156	-0.26405489444732666	0.9186833500862122	0.2937619388103485
0.200284942984581	0.019214682281017303	2.1049089431762695	0.8926916718482971	0.6656801104545593	1.0	3	0.0	0	0.0	0	0.9629639983177185	-0.2683315873146057	-0.02642839215695858	-0.26481565833091736	-0.9596557021141052	0.09451837837696075	-0.05072442442178726	-0.08401913940906525	-0.9951722621917725
0.2799999415874481	0.2860738933086395	2.299999237060547	0.8598446249961853	0.6363174915313721	1.0	3	0.0	0	0.0	0	0.9629639983177185	-0.2683315873146057	-0.02642839215695858	-0.26481565833091736	-0.9596556425094604	0.09451837092638016	-0.05072442814707756	-0.08401914685964584	-0.9951723217964172
0.200284942984581	-6.835937682581061e-08	2.299999237060547	0.8977888822555542	0.6400547027587891	1.0	3	0.0	0	0.0	0	0.9629639983177185	-0.2683315873146057	-0.02642839215695858	-0.26481565833091736	-0.9596557021141052	0.09451837837696075	-0.05072442442178726	-0.08401913940906525	-0.9951722621917725
-0.20028504729270935	0.019214699044823647	2.495089530944824	0.562277615070343	0.7445332407951355	1.0	3	0.0	0	0.0	0	-0.9629640579223633	-0.26833152770996094	0.02642839401960373	0.10654182732105255	-0.28863364458084106	0.9514932632446289	-0.24768750369548798	0.9190695285797119	0.3065323531627655
-0.2800000309944153	0.2860738933086395	2.299999237060547	0.5270710587501526	0.718045711517334	1.0	3	0.0	0	0.0	0	-0.9629640579223633	-0.26833152770996094	0.02642839401960373	0.10654182732105255	-0.28863364458084106	0.9514932632446289	-0.24768750369548798	0.9190695285797119	0.3065323531627655
-0.20028504729270935	-5.084990561954328e-08	2.299999237060547	0.5381390452384949	0.7545318007469177	1.0	3	0.0	0	0.0	0	-0.9629640579223633	-0.26833152770996094	0.02642839401960373	0.10654183477163315	-0.28863367438316345	0.9514933228492737	-0.24768753349781036	0.9190695881843567	0.3065323829650879
0.200284942984581	0.019214682281017303	2.495089530944824	0.8977888822555542	0.6139272451400757	1.0	3	0.0	0	0.0	0	0.9629640579223633	-0.26833152770996094	0.026428451761603355	-0.2696298658847809	-0.9583271145820618	0.09438712149858475	6.146728281919422e-08	-0.09801729023456573	-0.9951846599578857
0.2799999415874481	0.2860738933086395	2.299999237060547	0.8598446249961853	0.6363174915313721	1.0	3	0.0	0	0.0	0	0.9629640579223633	-0.26833152770996094	0.026428451761603355	-0.2696298658847809	-0.9583271145820618	0.09438712149858475	6.146728281919422e-08	-0.09801729023456573	-0.9951846599578857
0.2799999415874481	0.2997918128967285	2.439279079437256	0.8598445653915405	0.6176644563674927	1.0	3	0.0	0	0.0	0	0.9629640579223633	-0.26833152770996094	0.026428451761603355	-0.26962989568710327	-0.9583271741867065	0.09438712149858475	6.332993507385254e-08	-0.09801729023456573	-0.9951847195625305
-0.20028504729270935	0.07612044364213943	2.682682752609253	0.5840017795562744	0.7300176024436951	1.0	3	0.0	0	0.0	0	-0.9629641175270081	-0.25801965594291687	0.07826937735080719	0.1537114381790161	-0.28683724999427795	0.9455671310424805	-0.22152434289455414	0.9225780963897705	0.31587454676628113
-0.2800000309944153	0.2997918128967285	2.439279079437256	0.5443042516708374	0.7109075784683228	1.0	3	0.0	0	0.0	0	-0.9629641175270081	-0.25801965594291687	0.07826937735080719	0.1537114381790161	-0.28683722019195557	0.9455671310424805	-0.22152434289455414	0.9225780963897705	0.31587451696395874
-0.20028504729270935	0.019214699044823647	2.495089530944824	0.562277615070343	0.7445332407951355	1.0	3	0.0	0	0.0	0	-0.9629641175270081	-0.25801965594291687	0.07826937735080719	0.1537114381790161	-0.28683724999427795	0.9455671310424805	-0.22152434289455414	0.9225780963897705	0.31587454676628113
0.200284942984581	0.07612042874097824	2.682682752609253	0.8926917314529419	0.5883018374443054	1.0	3	0.0	0	0.0	0	0.9629640579223633	-0.2580196261405945	0.07826942950487137	-0.2648155689239502	-0.9596558213233948	0.09451768547296524	0.050724297761917114	-0.11174409836530685	-0.9924416542053223
0.2799999415874481	0.2997918128967285	2.439279079437256	0.8598445653915405	0.6176644563674927	1.0	3	0.0	0	0.0	0	0.9629640579223633	-0.2580196261405945	0.07826942950487137	-0.2648155689239502	-0.95965576171875	0.09451767802238464	0.050724294036626816	-0.11174409091472626	-0.9924415946006775
0.2799999415874481	0.3404184579849243	2.573207139968872	0.8562055230140686	0.5993697643280029	1.0	3	0.0	0	0.0	0	0.9629640579223633	-0.2580196261405945	0.07826942950487137	-0.2648155689239502	-0.9596558213233948	0.09451768547296524	0.050724297761917114	-0.11174409836530685	-0.9924416542053223
-0.20028504729270935	0.16853035986423492	2.85556960105896	0.6024766564369202	0.7115427255630493	1.0	3	0.0	0	0.0	0	-0.9629640579223633	-0.23779229819774628	0.12710261344909668	0.19421984255313873	-0.2847577929496765	0.9387180805206299	-0.1870264708995819	0.9286376237869263	0.32039549946784973
-0.2800000309944153	0.3404184579849243	2.573207139968872	0.5598136782646179	0.7005443572998047	1.0	3	0.0	0	0.0	0	-0.9629640579223633	-0.23779229819774628	0.12710261344909668	0.19421985745429993	-0.2847577929496765	0.9387181401252747	-0.1870264708995819	0.9286375641822815	0.32039546966552734
-0.20028504729270935	0.07612044364213943	2.682682752609253	0.5840017795562744	0.7300176024436951	1.0	3	0.0	0	0.0	0	-0.9629640579223633	-0.23779229819774628	0.12710261344909668	0.19421985745429993	-0.2847578227519989	0.9387181401252747	-0.1870264708995819	0.9286375641822815	0.32039549946784973
0.200284942984581	0.07612042874097824	2.682682752609253	0.8926917314529419	0.5883018374443054	1.0	3	0.0	0	0.0	0	0.9629639983177185	-0.23779240250587463	0.12710262835025787	-0.2504424452781677	-0.9634696245193481	0.09489428251981735	0.09989438205957413	-0.12321166694164276	-0.9873399138450623
0.2799999713897705	0.40639224648475647	2.6966354846954346	0.8490673303604126	0.5821365714073181	1.0	3	0.0	0	0.0	0	0.9629639983177185	-0.23779240250587463	0.12710262835025787	-0.2504424452781677	-0.9634696245193481	0.09489429742097855	0.09989438205957413	-0.12321168184280396	-0.9873399138450623
0.200284942984581	0.16853033006191254	2.85556960105896	0.8826931715011597	0.5641632676124573	1.0	3	0.0	0	0.0	0	0.9629639983177185	-0.23779240250587463	0.12710262835025787	-0.2504424452781677	-0.9634696245193481	0.09489428251981735	0.09989438205957413	-0.12321166694164276	-0.9873399138450623
-0.20028504729270935	0.16853035986423492	2.85556960105896	0.6024766564369202	0.7115427255630493	1.0	3	0.0	0	0.0	0	-0.9629640579223633	-0.20842662453651428	0.1710512638092041	0.22674864530563354	-0.2827317416667938	0.9320128560066223	-0.14589467644691467	0.9362805485725403	0.3195209801197052
-0.2800000011920929	0.4951779842376709	2.804821252822876	0.5833664536476135	0.6718451380729675	1.0	3	0.0	0	0.0	0	-0.9629640579223633	-0.20842662453651428	0.1710512638092041	0.22674863040447235	-0.2827317416667938	0.9320127964019775	-0.14589464664459229	0.9362804889678955	0.3195209801197052
-0.2800000011920929	0.40639224648475647	2.6966354846954346	0.5730034112930298	0.6873547434806824	1.0	3	0.0	0	0.0	0	-0.9629640579223633	-0.20842662453651428	0.1710512638092041	0.22674863040447235	-0.2827317416667938	0.9320127964019775	-0.14589464664459229	0.9362804889678955	0.3195209801197052
0.200284942984581	0.16853033006191254	2.85556960105896	0.8826931715011597	0.5641632676124573	1.0	3	0.0	0	0.0	0	0.9629640579223633	-0.20842677354812622	0.17105139791965485	-0.2267477810382843	-0.9692635536193848	0.09546536207199097	0.14589634537696838	-0.1307152360677719	-0.9806262254714966
0.2799999713897705	0.4951780438423157	2.804821252822876	0.8387042284011841	0.5666271448135376	1.0	3	0.0	0	0.0	0	0.9629640579223633	-0.20842677354812622	0.17105139791965485	-0.2267477661371231	-0.96926349401474	0.09546533972024918	0.14589634537696838	-0.13071522116661072	-0.9806261658668518
0.2002849578857422	0.2928931415081024	3.007106065750122	0.868177592754364	0.5424391031265259	1.0	3	0.0	0	0.0	0	0.9629640579223633	-0.20842677354812622	0.17105139791965485	-0.2267477810382843	-0.9692635536193848	0.09546536207199097	0.14589634537696838	-0.1307152360677719	-0.9806262254714966
-0.20028503239154816	0.4444296658039093	3.1314687728881836	0.626990795135498	0.6656799912452698	1.0	3	0.0	0	0.0	0	-0.9629640579223633	-0.1710512936115265	0.20842675864696503	0.25044214725494385	-0.2810323238372803	0.9264445900917053	-0.09989488124847412	0.9443316459655762	0.313462495803833
-0.2800000011920929	0.4951779842376709	2.804821252822876	0.5833664536476135	0.6718451380729675	1.0	3	0.0	0	0.0	0	-0.9629640579223633	-0.1710512936115265	0.20842675864696503	0.25044211745262146	-0.2810323238372803	0.9264445304870605	-0.09989489614963531	0.944331705570221	0.313462495803833
-0.20028503239154816	0.2928931415081024	3.007106065750122	0.6169922947883606	0.6898185610771179	1.0	3	0.0	0	0.0	0	-0.9629640579223633	-0.1710512936115265	0.20842675864696503	0.25044214725494385	-0.2810323238372803	0.9264446496963501	-0.09989489614963531	0.944331705570221	0.313462495803833
0.2002849578857422	0.4444296658039093	3.1314687728881836	0.8497027158737183	0.5239642262458801	1.0	3	0.0	0	0.0	0	0.9629640579223633	-0.17105136811733246	0.20842686295509338	-0.1942199021577835	-0.9762343764305115	0.09615153074264526	0.18702660501003265	-0.13307109475135803	-0.9733000993728638
0.2799999713897705	0.4951780438423157	2.804821252822876	0.8387042284011841	0.5666271448135376	1.0	3	0.0	0	0.0	0	0.9629640579223633	-0.17105136811733246	0.20842686295509338	-0.1942199170589447	-0.9762344360351562	0.09615154564380646	0.18702659010887146	-0.13307110965251923	-0.9733001589775085
0.2799999713897705	0.6033637523651123	2.8936069011688232	0.8255146145820618	0.5534374713897705	1.0	3	0.0	0	0.0	0	0.9629640579223633	-0.17105136811733246	0.20842686295509338	-0.1942199021577835	-0.9762343764305115	0.09615153074264526	0.18702660501003265	-0.13307109475135803	-0.9733000993728638
-0.20028503239154816	0.4444296658039093	3.1314687728881836	0.626990795135498	0.6656799912452698	1.0	3	0.0	0	0.0	0	-0.9629640579223633	-0.1271025538444519	0.23779229819774628	0.2648155987262726	-0.2799215614795685	0.9227765798568726	-0.05072407424449921	0.9515718221664429	0.3032131493091583
-0.2800000011920929	0.72679203748703	2.959580659866333	0.5941436886787415	0.6363174319267273	1.0	3	0.0	0	0.0	0	-0.9629640579223633	-0.1271025538444519	0.23779229819774628	0.2648155689239502	-0.2799215614795685	0.9227765202522278	-0.05072406679391861	0.9515717625617981	0.3032131493091583
-0.2800000011920929	0.6033637523651123	2.8936069011688232	0.5905046463012695	0.6546120643615723	1.0	3	0.0	0	0.0	0	-0.9629640579223633	-0.1271025538444519	0.23779229819774628	0.2648155987262726	-0.27992159128189087	0.9227766394615173	-0.05072406679391861	0.9515717625617981	0.3032131493091583
0.2002849578857422	0.4444296658039093	3.1314687728881836	0.8497027158737183	0.5239642262458801	1.0	3	0.0	0	0.0	0	0.9629639983177185	-0.12710264325141907	0.23779238760471344	-0.15371111035346985	-0.9833577871322632	0.09685298055410385	0.22152473032474518	-0.12981726229190826	-0.966475248336792
0.2799999713897705	0.7267919778823853	2.959580659866333	0.8100051879882812	0.5430744290351868	1.0	3	0.0	0	0.0	0	0.9629639983177185	-0.12710264325141907	0.23779238760471344	-0.15371111035346985	-0.9833577275276184	0.09685297310352325	0.22152471542358398	-0.12981726229190826	-0.9664751887321472
0.20028497278690338	0.617316484451294	3.2238786220550537	0.8279785513877869	0.5094485878944397	1.0	3	0.0	0	0.0	0	0.9629639983177185	-0.12710264325141907	0.23779238760471344	-0.15371111035346985	-0.9833577871322632	0.09685298800468445	0.22152473032474518	-0.12981727719306946	-0.966475248336792
-0.20028501749038696	0.617316484451294	3.2238786220550537	0.6320880055427551	0.6400545835494995	1.0	3	0.0	0	0.0	0	-0.9629640579223633	-0.0782696083188057	0.2580195963382721	0.2696298062801361	-0.279533714056015	0.9214991331100464	-2.0116567611694336e-07	0.9569402933120728	0.29028475284576416
-0.2800000011920929	0.860720157623291	3.0002074241638184	0.5941436886787415	0.6176643371582031	1.0	3	0.0	0	0.0	0	-0.9629640579223633	-0.0782696083188057	0.2580195963382721	0.2696298360824585	-0.2795337438583374	0.9214991927146912	-2.011657045386528e-07	0.9569403529167175	0.29028478264808655
-0.2800000011920929	0.72679203748703	2.959580659866333	0.5941436886787415	0.6363174319267273	1.0	3	0.0	0	0.0	0	-0.9629640579223633	-0.0782696083188057	0.2580195963382721	0.2696298062801361	-0.2795337438583374	0.9214991331100464	-1.9371509552001953e-07	0.9569402933120728	0.29028478264808655
0.20028497278690338	0.617316484451294	3.2238786220550537	0.8279785513877869	0.5094485878944397	1.0	3	0.0	0	0.0	0	0.9629639983177185	-0.07826945185661316	0.2580198049545288	-0.10654164105653763	-0.9895203709602356	0.09745976328849792	0.2476877123117447	-0.12134009599685669	-0.9612114429473877
0.2799999713897705	0.860720157623291	3.0002074241638184	0.7927719354629517	0.535936176776886	1.0	3	0.0	0	0.0	0	0.9629639983177185	-0.07826945185661316	0.2580198049545288	-0.10654164105653763	-0.9895203709602356	0.09745975583791733	0.2476877123117447	-0.12134008854627609	-0.9612114429473877
0.20028497278690338	0.8049095869064331	3.2807843685150146	0.8038399815559387	0.49945002794265747	1.0	3	0.0	0	0.0	0	0.9629639983177185	-0.07826945185661316	0.2580198049545288	-0.10654163360595703	-0.9895203113555908	0.09745974838733673	0.2476877123117447	-0.1213400810956955	-0.9612113833427429
-0.20028500258922577	0.9999998807907104	3.299999237060547	0.626990795135498	0.5883017778396606	1.0	3	0.0	0	0.0	0	-0.9629639983177185	-0.026428498327732086	0.2683316469192505	0.26481568813323975	-0.27992308139801025	0.9227761626243591	0.05072464048862457	0.9596586227416992	0.27655452489852905
-0.2800000011920929	0.860720157623291	3.0002074241638184	0.5941436886787415	0.6176643371582031	1.0	3	0.0	0	0.0	0	-0.9629639983177185	-0.026428498327732086	0.2683316469192505	0.26481568813323975	-0.27992308139801025	0.9227761030197144	0.050724636763334274	0.9596586227416992	0.27655452489852905
-0.20028501749038696	0.8049095869064331	3.2807843685150146	0.6320880055427551	0.6139271259307861	1.0	3	0.0	0	0.0	0	-0.9629639983177185	-0.026428498327732086	0.2683316469192505	0.26481568813323975	-0.27992308139801025	0.9227761030197144	0.050724636763334274	0.9596586227416992	0.27655452489852905
0.20028498768806458	0.9999998807907104	3.299999237060547	0.7782145738601685	0.4943528175354004	1.0	3	0.0	0	0.0	0	0.9629639983177185	-0.02642841823399067	0.2683315575122833	-0.054544270038604736	-0.9937031865119934	0.0978720560669899	0.2640553116798401	-0.10888321697711945	-0.9583419561386108
0.2799999713897705	0.860720157623291	3.0002074241638184	0.7927719354629517	0.535936176776886	1.0	3	0.0	0	0.0	0	0.9629639983177185	-0.02642841823399067	0.2683315575122833	-0.054544273763895035	-0.9937032461166382	0.0978720635175705	0.2640553116798401	-0.10888320952653885	-0.9583418965339661
0.2799999713897705	0.9999998807907104	3.013925313949585	0.7744773626327515	0.5322971343994141	1.0	3	0.0	0	0.0	0	0.9629639983177185	-0.02642841823399067	0.2683315575122833	-0.054544270038604736	-0.9937031865119934	0.0978720635175705	0.2640553116798401	-0.10888321697711945	-0.9583419561386108
-0.20028500258922577	0.9999998807907104	3.299999237060547	0.626990795135498	0.5883017778396606	1.0	3	0.0	0	0.0	0	-0.9629640579223633	0.02642860636115074	0.2683316171169281	0.250442236661911	-0.28103435039520264	0.9264439940452576	0.09989501535892487	0.9593337178230286	0.2640071213245392
-0.2799999713897705	1.1392797231674194	3.0002074241638184	0.5833664536476135	0.5821366310119629	1.0	3	0.0	0	0.0	0	-0.9629640579223633	0.02642860636115074	0.2683316171169281	0.2504422068595886	-0.28103435039520264	0.9264439344406128	0.09989502280950546	0.9593337774276733	0.2640071511268616
-0.2800000011920929	0.9999998807907104	3.013925313949585	0.5905046463012695	0.5993697047233582	1.0	3	0.0	0	0.0	0	-0.9629640579223633	0.02642860636115074	0.2683316171169281	0.250442236661911	-0.281034380197525	0.9264439940452576	0.09989501535892487	0.9593337178230286	0.2640071511268616
0.20028498768806458	0.9999998807907104	3.299999237060547	0.7782145738601685	0.4943528175354004	1.0	3	0.0	0	0.0	0	0.9629640579223633	0.02642848528921604	0.2683316767215729	-7.192883089146562e-08	-0.9951846599578857	0.0980178490281105	0.2696300446987152	-0.09438768774271011	-0.958327054977417
0.2800000011920929	1.1392797231674194	3.0002074241638184	0.7558243274688721	0.5322971343994141	1.0	3	0.0	0	0.0	0	0.9629640579223633	0.02642848528921604	0.2683316767215729	-7.192883089146562e-08	-0.9951846599578857	0.0980178490281105	0.2696300446987152	-0.09438768774271011	-0.958327054977417
0.20028500258922577	1.1950902938842773	3.2807843685150146	0.7520871162414551	0.4943528175354004	1.0	3	0.0	0	0.0	0	0.9629640579223633	0.02642848528921604	0.2683316767215729	-7.372250365733635e-08	-0.9951847195625305	0.0980178639292717	0.2696300446987152	-0.09438768774271011	-0.9583269953727722
-0.20028498768806458	1.382683277130127	3.2238786220550537	0.6024765968322754	0.5424389839172363	1.0	3	0.0	0	0.0	0	-0.9629639983177185	0.07826950401067734	0.2580197751522064	0.22674739360809326	-0.28272512555122375	0.9320151209831238	0.1458970308303833	0.9560022950172424	0.2545067071914673
-0.2799999713897705	1.1392797231674194	3.0002074241638184	0.5833664536476135	0.5821366310119629	1.0	3	0.0	0	0.0	0	-0.9629639983177185	0.07826950401067734	0.2580197751522064	0.22674739360809326	-0.28272512555122375	0.9320151209831238	0.1458970308303833	0.9560022950172424	0.2545067071914673
-0.20028498768806458	1.1950902938842773	3.2807843685150146	0.6169922351837158	0.5641631484031677	1.0	3	0.0	0	0.0	0	-0.9629639983177185	0.07826950401067734	0.2580197751522064	0.22674737870693207	-0.28272512555122375	0.932015061378479	0.1458970457315445	0.9560023546218872	0.2545067369937897
0.20028500258922577	1.382683277130127	3.2238786220550537	0.7264617085456848	0.4994499981403351	1.0	3	0.0	0	0.0	0	0.9629639983177185	0.0782696008682251	0.25801968574523926	0.05454384535551071	-0.9937031865119934	0.09787235409021378	0.26405540108680725	-0.08017416298389435	-0.9611695408821106
0.2800000011920929	1.1392797231674194	3.0002074241638184	0.7558243274688721	0.5322971343994141	1.0	3	0.0	0	0.0	0	0.9629639983177185	0.0782696008682251	0.25801968574523926	0.05454384535551071	-0.9937031865119934	0.09787236154079437	0.26405540108680725	-0.08017417043447495	-0.9611695408821106
0.2800000011920929	1.2732079029083252	2.959580659866333	0.7375296354293823	0.535936176776886	1.0	3	0.0	0	0.0	0	0.9629639983177185	0.0782696008682251	0.25801968574523926	0.05454384163022041	-0.9937031865119934	0.09787236154079437	0.26405540108680725	-0.08017417043447495	-0.9611695408821106
-0.20028497278690338	1.555570125579834	3.1314687728881836	0.5840017199516296	0.5239641070365906	1.0	3	0.0	0	0.0	0	-0.9629639983177185	0.12710264325141907	0.23779241740703583	0.194219172000885	-0.28476056456565857	0.9387174248695374	0.18702736496925354	0.9501349329948425	0.2495284080505371
-0.2799999713897705	1.2732079029083252	2.959580659866333	0.573003351688385	0.5666272044181824	1.0	3	0.0	0	0.0	0	-0.9629639983177185	0.12710264325141907	0.23779241740703583	0.19421915709972382	-0.28476056456565857	0.9387173652648926	0.18702737987041473	0.9501349925994873	0.2495284378528595
-0.20028498768806458	1.382683277130127	3.2238786220550537	0.6024765968322754	0.5424389839172363	1.0	3	0.0	0	0.0	0	-0.9629639983177185	0.12710264325141907	0.23779241740703583	0.1942191869020462	-0.28476056456565857	0.9387174844741821	0.18702736496925354	0.9501349925994873	0.2495284080505371
0.20028501749038696	1.555570125579834	3.1314687728881836	0.7023231387138367	0.5094485282897949	1.0	3	0.0	0	0.0	0	0.9629640579223633	0.12710265815258026	0.23779235780239105	0.10654126107692719	-0.9895203709602356	0.0974600538611412	0.24768778681755066	-0.0685158297419548	-0.9664141535758972
0.2800000011920929	1.2732079029083252	2.959580659866333	0.7375296354293823	0.535936176776886	1.0	3	0.0	0	0.0	0	0.9629640579223633	0.12710265815258026	0.23779235780239105	0.10654126852750778	-0.9895203709602356	0.0974600613117218	0.24768777191638947	-0.0685158297419548	-0.9664141535758972
0.2800000011920929	1.3966361284255981	2.8936069011688232	0.7202964425086975	0.543074369430542	1.0	3	0.0	0	0.0	0	0.9629640579223633	0.12710265815258026	0.23779235780239105	0.10654126107692719	-0.9895203709602356	0.0974600613117218	0.24768778681755066	-0.0685158297419548	-0.9664141535758972
-0.20028497278690338	1.555570125579834	3.1314687728881836	0.5840017199516296	0.5239641070365906	1.0	3	0.0	0	0.0	0	-0.9629639983177185	0.17105142772197723	0.2084268182516098	0.15371035039424896	-0.2868378162384033	0.9455671906471252	0.22152531147003174	0.9425845146179199	0.24992211163043976
-0.2799999713897705	1.50482177734375	2.804821252822876	0.5443041920661926	0.543074369430542	1.0	3	0.0	0	0.0	0	-0.9629639983177185	0.17105142772197723	0.2084268182516098	0.15371035039424896	-0.28683778643608093	0.9455671310424805	0.22152528166770935	0.9425844550132751	0.24992208182811737
-0.2799999713897705	1.3966361284255981	2.8936069011688232	0.5598136186599731	0.553437352180481	1.0	3	0.0	0	0.0	0	-0.9629639983177185	0.17105142772197723	0.2084268182516098	0.15371035039424896	-0.28683778643608093	0.9455671906471252	0.22152531147003174	0.9425845146179199	0.24992208182811737
0.20028501749038696	1.555570125579834	3.1314687728881836	0.7023231387138367	0.5094485282897949	1.0	3	0.0	0	0.0	0	0.9629641175270081	0.1710512489080429	0.208426833152771	0.15371090173721313	-0.9833579063415527	0.09685184061527252	0.22152477502822876	-0.06122736260294914	-0.9732307195663452
0.2800000011920929	1.50482177734375	2.804821252822876	0.7047870755195618	0.5534374713897705	1.0	3	0.0	0	0.0	0	0.9629641175270081	0.1710512489080429	0.208426833152771	0.15371090173721313	-0.983357846736908	0.09685183316469193	0.22152477502822876	-0.06122736260294914	-0.97323077917099
0.20028501749038696	1.7071067094802856	3.007106065750122	0.6805989742279053	0.5239641666412354	1.0	3	0.0	0	0.0	0	0.9629641175270081	0.1710512489080429	0.208426833152771	0.15371090173721313	-0.9833579063415527	0.09685183316469193	0.22152476012706757	-0.061227355152368546	-0.9732307195663452
-0.20028497278690338	1.7071067094802856	3.007106065750122	0.5622775554656982	0.5094485282897949	1.0	3	0.0	0	0.0	0	-0.9629641175270081	0.2084266096353531	0.1710515171289444	0.1065426617860794	-0.2886285185813904	0.9514947533607483	0.24768716096878052	0.9344795942306519	0.25573256611824036
-0.2799999713897705	1.5936076641082764	2.6966354846954346	0.5270710587501526	0.5359360575675964	1.0	3	0.0	0	0.0	0	-0.9629641175270081	0.2084266096353531	0.1710515171289444	0.1065426841378212	-0.2886285185813904	0.9514948129653931	0.24768714606761932	0.9344795346260071	0.25573253631591797
-0.2799999713897705	1.50482177734375	2.804821252822876	0.5443041920661926	0.543074369430542	1.0	3	0.0	0	0.0	0	-0.9629641175270081	0.2084266096353531	0.1710515171289444	0.10654265433549881	-0.28862854838371277	0.9514947533607483	0.24768714606761932	0.9344794750213623	0.25573259592056274
0.20028501749038696	1.7071067094802856	3.007106065750122	0.6805989742279053	0.5239641666412354	1.0	3	0.0	0	0.0	0	0.9629641175270081	0.20842669904232025	0.17105144262313843	0.1942196786403656	-0.976234495639801	0.09615091979503632	0.187026709318161	-0.0593683235347271	-0.980559229850769
0.2800000011920929	1.5936076641082764	2.6966354846954346	0.6915973424911499	0.5666271448135376	1.0	3	0.0	0	0.0	0	0.9629641175270081	0.20842669904232025	0.17105144262313843	0.1942196637392044	-0.9762344360351562	0.09615091979503632	0.1870267242193222	-0.05936833471059799	-0.9805592894554138
0.20028501749038696	1.8314695358276367	2.85556960105896	0.6621240973472595	0.5424390435218811	1.0	3	0.0	0	0.0	0	0.9629641175270081	0.20842669904232025	0.17105144262313843	0.1942196637392044	-0.9762344360351562	0.09615091234445572	0.1870267242193222	-0.059368327260017395	-0.9805592894554138
-0.2002849578857422	1.9238793849945068	2.682682752609253	0.5125135779380798	0.494352787733078	1.0	3	0.0	0	0.0	0	-0.9629641175270081	0.23779244720935822	0.12710247933864594	0.05454366281628609	-0.28985291719436646	0.9555158019065857	0.26405543088912964	0.9270599484443665	0.2661478519439697
-0.2799999713897705	1.5936076641082764	2.6966354846954346	0.5270710587501526	0.5359360575675964	1.0	3	0.0	0	0.0	0	-0.9629641175270081	0.23779244720935822	0.12710247933864594	0.05454365536570549	-0.28985291719436646	0.9555157423019409	0.26405543088912964	0.9270598888397217	0.2661478519439697
-0.20028497278690338	1.8314695358276367	2.85556960105896	0.5381389856338501	0.4994499683380127	1.0	3	0.0	0	0.0	0	-0.9629641175270081	0.23779244720935822	0.12710247933864594	0.05454365536570549	-0.28985288739204407	0.9555156826972961	0.26405543088912964	0.9270599484443665	0.2661478519439697
0.20028503239154816	1.9238793849945068	2.682682752609253	0.6476084589958191	0.5641631484031677	1.0	3	0.0	0	0.0	0	0.9629640579223633	0.23779234290122986	0.12710252404212952	0.22674725949764252	-0.9692635536193848	0.09546621143817902	0.14589697122573853	-0.06311038136482239	-0.9872847199440002
0.2800000011920929	1.5936076641082764	2.6966354846954346	0.6915973424911499	0.5666271448135376	1.0	3	0.0	0	0.0	0	0.9629640579223633	0.23779234290122986	0.12710252404212952	0.2267472743988037	-0.9692636132240295	0.09546621143817902	0.14589698612689972	-0.06311038136482239	-0.987284779548645
0.2800000011920929	1.6595814228057861	2.573207139968872	0.6812343001365662	0.5821365118026733	1.0	3	0.0	0	0.0	0	0.9629640579223633	0.23779234290122986	0.12710252404212952	0.2267472743988037	-0.9692636132240295	0.09546621143817902	0.14589698612689972	-0.06311038136482239	-0.987284779548645
-0.2002849578857422	1.9238793849945068	2.682682752609253	0.5125135779380798	0.494352787733078	1.0	3	0.0	0	0.0	0	-0.9629640579223633	0.2580198347568512	0.07826925814151764	-8.987429964690818e-07	-0.2902870774269104	0.9569396376609802	0.26962992548942566	0.9214982986450195	0.2795362174510956
-0.2799999713897705	1.7002079486846924	2.439279079437256	0.49012330174446106	0.5322971343994141	1.0	3	0.0	0	0.0	0	-0.9629640579223633	0.2580198347568512	0.07826925814151764	-9.059176591108553e-07	-0.2902871072292328	0.9569396376609802	0.26962992548942566	0.9214982986450195	0.27953624725341797
-0.2799999713897705	1.6595814228057861	2.573207139968872	0.5087764263153076	0.5322970747947693	1.0	3	0.0	0	0.0	0	-0.9629640579223633	0.2580198347568512	0.07826925814151764	-8.987429964690818e-07	-0.2902870774269104	0.9569396376609802	0.26962992548942566	0.9214982986450195	0.2795362174510956
0.20028503239154816	1.9238793849945068	2.682682752609253	0.6476084589958191	0.5641631484031677	1.0	3	0.0	0	0.0	0	0.9629640579223633	0.2580195367336273	0.07826931774616241	0.25044211745262146	-0.9634697437286377	0.09489360451698303	0.09989453852176666	-0.07177720218896866	-0.9924057722091675
